# learning_rate is changing
# epoch from 1 to 100

# learning_rate epoch correct_percent train_err

0.01 1 4.69314 0.260859 
0.01 2 0.361011 0.250144 
0.01 3 0.722022 0.246375 
0.01 4 0.722022 0.244268 
0.01 5 0.722022 0.242797 
0.01 6 0.722022 0.24163 
0.01 7 0.722022 0.240628 
0.01 8 0.722022 0.239723 
0.01 9 0.722022 0.238874 
0.01 10 0.722022 0.238053 
0.01 11 0.722022 0.237238 
0.01 12 0.722022 0.236411 
0.01 13 0.722022 0.235558 
0.01 14 1.08303 0.234668 
0.01 15 2.16606 0.233733 
0.01 16 2.52708 0.23275 
0.01 17 2.88809 0.231715 
0.01 18 4.33213 0.230627 
0.01 19 4.69314 0.229485 
0.01 20 6.13718 0.228288 
0.01 21 6.13718 0.227035 
0.01 22 6.85921 0.225727 
0.01 23 7.94224 0.224365 
0.01 24 7.94224 0.222952 
0.01 25 8.66426 0.221492 
0.01 26 9.02527 0.21999 
0.01 27 10.4693 0.218452 
0.01 28 10.8303 0.216886 
0.01 29 11.9134 0.215298 
0.01 30 12.9964 0.213697 
0.01 31 13.3574 0.212089 
0.01 32 13.7184 0.210482 
0.01 33 14.0794 0.208881 
0.01 34 14.0794 0.207293 
0.01 35 15.8845 0.205723 
0.01 36 16.6065 0.204173 
0.01 37 16.9675 0.202647 
0.01 38 17.3285 0.201148 
0.01 39 17.3285 0.199677 
0.01 40 17.6895 0.198234 
0.01 41 17.6895 0.19682 
0.01 42 18.0505 0.195435 
0.01 43 18.0505 0.194079 
0.01 44 18.0505 0.19275 
0.01 45 18.0505 0.191449 
0.01 46 18.0505 0.190173 
0.01 47 18.7726 0.188922 
0.01 48 20.2166 0.187694 
0.01 49 20.9386 0.186488 
0.01 50 21.6606 0.185304 
0.01 51 22.3827 0.184138 
0.01 52 23.1047 0.18299 
0.01 53 23.4657 0.181858 
0.01 54 23.8267 0.180742 
0.01 55 23.8267 0.179639 
0.01 56 24.1877 0.178547 
0.01 57 24.5487 0.177467 
0.01 58 24.5487 0.176395 
0.01 59 25.2708 0.175332 
0.01 60 25.2708 0.174274 
0.01 61 25.6318 0.173221 
0.01 62 25.6318 0.172172 
0.01 63 25.6318 0.171124 
0.01 64 25.9928 0.170078 
0.01 65 26.3538 0.16903 
0.01 66 27.0758 0.16798 
0.01 67 28.1588 0.166926 
0.01 68 27.7978 0.165866 
0.01 69 28.1588 0.164801 
0.01 70 28.8809 0.163727 
0.01 71 29.6029 0.162644 
0.01 72 30.6859 0.161551 
0.01 73 31.769 0.160446 
0.01 74 32.13 0.159329 
0.01 75 32.13 0.158199 
0.01 76 32.491 0.157055 
0.01 77 33.213 0.155898 
0.01 78 33.935 0.154729 
0.01 79 35.3791 0.153547 
0.01 80 36.4621 0.152355 
0.01 81 36.4621 0.151154 
0.01 82 37.9061 0.149946 
0.01 83 38.9892 0.148732 
0.01 84 41.1552 0.147515 
0.01 85 41.1552 0.146296 
0.01 86 43.3213 0.145076 
0.01 87 44.7653 0.143857 
0.01 88 46.5704 0.142639 
0.01 89 47.2924 0.141422 
0.01 90 48.7365 0.140207 
0.01 91 50.1805 0.138993 
0.01 92 51.2635 0.137781 
0.01 93 51.6245 0.13657 
0.01 94 51.6245 0.135361 
0.01 95 52.3466 0.134153 
0.01 96 53.4296 0.132947 
0.01 97 53.7906 0.131742 
0.01 98 53.7906 0.130538 
0.01 99 55.2347 0.129335 
0.01 100 55.2347 0.128134 
0.04 1 0.722022 0.244524 
0.04 2 0.722022 0.239969 
0.04 3 1.44404 0.236652 
0.04 4 2.88809 0.232999 
0.04 5 6.49819 0.228606 
0.04 6 9.02527 0.223401 
0.04 7 12.2744 0.217491 
0.04 8 15.5235 0.211229 
0.04 9 16.9675 0.205011 
0.04 10 17.6895 0.199116 
0.04 11 19.1336 0.193654 
0.04 12 21.6606 0.188621 
0.04 13 22.3827 0.183952 
0.04 14 24.1877 0.179567 
0.04 15 25.2708 0.175377 
0.04 16 25.6318 0.171297 
0.04 17 26.7148 0.167243 
0.04 18 28.5199 0.163132 
0.04 19 31.769 0.158882 
0.04 20 33.574 0.154431 
0.04 21 36.8231 0.149766 
0.04 22 41.1552 0.144961 
0.04 23 47.2924 0.140122 
0.04 24 50.5415 0.135303 
0.04 25 54.1516 0.130515 
0.04 26 56.6787 0.125758 
0.04 27 59.5668 0.12104 
0.04 28 64.6209 0.116373 
0.04 29 67.87 0.111781 
0.04 30 68.9531 0.107287 
0.04 31 72.2022 0.102916 
0.04 32 72.9242 0.0986861 
0.04 33 74.7292 0.0946125 
0.04 34 76.5343 0.0907063 
0.04 35 77.2563 0.0869779 
0.04 36 77.9783 0.0834369 
0.04 37 78.7004 0.0800909 
0.04 38 80.1444 0.0769431 
0.04 39 81.5884 0.0739917 
0.04 40 81.5884 0.0712306 
0.04 41 81.5884 0.0686506 
0.04 42 82.3105 0.0662404 
0.04 43 82.6715 0.063988 
0.04 44 83.0325 0.0618809 
0.04 45 83.7545 0.0599072 
0.04 46 85.5596 0.0580554 
0.04 47 85.5596 0.0563148 
0.04 48 87.0036 0.0546756 
0.04 49 87.3646 0.0531286 
0.04 50 87.7256 0.0516657 
0.04 51 87.7256 0.0502793 
0.04 52 88.0866 0.0489628 
0.04 53 88.0866 0.0477102 
0.04 54 88.0866 0.0465162 
0.04 55 88.8087 0.045376 
0.04 56 89.1697 0.0442854 
0.04 57 89.8917 0.0432407 
0.04 58 89.8917 0.0422384 
0.04 59 89.8917 0.0412756 
0.04 60 90.9747 0.0403494 
0.04 61 90.9747 0.0394572 
0.04 62 91.6968 0.0385965 
0.04 63 92.0578 0.0377653 
0.04 64 92.0578 0.0369611 
0.04 65 92.4188 0.0361822 
0.04 66 92.4188 0.0354264 
0.04 67 92.7798 0.034692 
0.04 68 93.1408 0.0339773 
0.04 69 93.1408 0.0332807 
0.04 70 93.1408 0.0326008 
0.04 71 93.1408 0.0319364 
0.04 72 93.5018 0.0312863 
0.04 73 93.5018 0.0306499 
0.04 74 93.8628 0.0300266 
0.04 75 94.2238 0.0294162 
0.04 76 94.5848 0.0288189 
0.04 77 94.9458 0.0282352 
0.04 78 95.3069 0.0276657 
0.04 79 95.3069 0.0271111 
0.04 80 95.3069 0.026572 
0.04 81 95.3069 0.026049 
0.04 82 95.3069 0.0255421 
0.04 83 95.6679 0.0250513 
0.04 84 96.3899 0.0245761 
0.04 85 96.3899 0.024116 
0.04 86 96.3899 0.0236704 
0.04 87 97.1119 0.0232386 
0.04 88 97.1119 0.0228198 
0.04 89 97.1119 0.0224134 
0.04 90 97.1119 0.0220186 
0.04 91 97.1119 0.0216349 
0.04 92 97.1119 0.0212615 
0.04 93 97.1119 0.0208979 
0.04 94 97.1119 0.0205435 
0.04 95 97.1119 0.0201979 
0.04 96 97.1119 0.0198606 
0.04 97 97.1119 0.0195312 
0.04 98 97.1119 0.0192092 
0.04 99 97.1119 0.0188945 
0.04 100 97.4729 0.0185867 
0.07 1 0.722022 0.241347 
0.07 2 2.16606 0.235313 
0.07 3 6.85921 0.228007 
0.07 4 12.2744 0.218411 
0.07 5 16.6065 0.207675 
0.07 6 19.1336 0.197573 
0.07 7 22.0217 0.188725 
0.07 8 23.4657 0.180955 
0.07 9 25.2708 0.173853 
0.07 10 26.3538 0.166988 
0.07 11 30.6859 0.159949 
0.07 12 35.3791 0.152366 
0.07 13 41.8773 0.144169 
0.07 14 49.8195 0.135806 
0.07 15 54.8736 0.127557 
0.07 16 59.9278 0.119459 
0.07 17 64.2599 0.111592 
0.07 18 69.6751 0.104076 
0.07 19 72.2022 0.0970067 
0.07 20 75.4513 0.090423 
0.07 21 76.8953 0.0843373 
0.07 22 78.7004 0.0787684 
0.07 23 80.5054 0.0737394 
0.07 24 80.8664 0.0692473 
0.07 25 82.6715 0.0652523 
0.07 26 83.7545 0.061695 
0.07 27 84.1155 0.0585138 
0.07 28 85.1986 0.0556543 
0.07 29 86.6426 0.0530702 
0.07 30 87.0036 0.0507223 
0.07 31 87.3646 0.0485774 
0.07 32 88.0866 0.0466071 
0.07 33 88.0866 0.0447879 
0.07 34 89.1697 0.0431001 
0.07 35 89.5307 0.041527 
0.07 36 89.5307 0.0400544 
0.07 37 90.9747 0.0386697 
0.07 38 90.9747 0.0373613 
0.07 39 91.6968 0.0361189 
0.07 40 91.6968 0.0349332 
0.07 41 92.0578 0.033796 
0.07 42 92.0578 0.0327001 
0.07 43 92.0578 0.03164 
0.07 44 92.7798 0.0306118 
0.07 45 92.7798 0.0296137 
0.07 46 92.7798 0.0286465 
0.07 47 93.5018 0.0277125 
0.07 48 93.8628 0.0268153 
0.07 49 94.2238 0.0259577 
0.07 50 94.5848 0.0251408 
0.07 51 95.3069 0.024364 
0.07 52 95.6679 0.0236256 
0.07 53 96.3899 0.0229228 
0.07 54 97.1119 0.0222529 
0.07 55 97.1119 0.0216129 
0.07 56 97.1119 0.0210001 
0.07 57 97.1119 0.0204122 
0.07 58 97.1119 0.0198468 
0.07 59 97.1119 0.0193023 
0.07 60 97.1119 0.0187772 
0.07 61 97.4729 0.0182707 
0.07 62 97.8339 0.0177825 
0.07 63 97.8339 0.017313 
0.07 64 98.1949 0.0168631 
0.07 65 98.1949 0.0164341 
0.07 66 98.1949 0.0160275 
0.07 67 98.1949 0.0156439 
0.07 68 98.556 0.0152833 
0.07 69 98.556 0.0149448 
0.07 70 98.556 0.0146267 
0.07 71 98.556 0.014327 
0.07 72 98.556 0.0140437 
0.07 73 98.556 0.0137751 
0.07 74 98.556 0.0135198 
0.07 75 98.556 0.0132764 
0.07 76 98.556 0.013044 
0.07 77 98.556 0.0128216 
0.07 78 98.556 0.0126085 
0.07 79 98.556 0.0124041 
0.07 80 98.556 0.0122078 
0.07 81 98.556 0.012019 
0.07 82 98.556 0.0118373 
0.07 83 98.556 0.0116623 
0.07 84 98.917 0.0114935 
0.07 85 98.917 0.0113307 
0.07 86 98.917 0.0111735 
0.07 87 98.917 0.0110217 
0.07 88 98.917 0.0108749 
0.07 89 98.917 0.0107329 
0.07 90 98.917 0.0105954 
0.07 91 98.917 0.0104623 
0.07 92 98.917 0.0103334 
0.07 93 98.917 0.0102084 
0.07 94 98.917 0.0100873 
0.07 95 98.917 0.00996971 
0.07 96 98.917 0.00985563 
0.07 97 99.278 0.00974486 
0.07 98 99.278 0.00963727 
0.07 99 99.278 0.00953274 
0.07 100 99.278 0.00943113 
0.1 1 1.80505 0.239229 
0.1 2 6.85921 0.22987 
0.1 3 13.7184 0.21652 
0.1 4 18.7726 0.201772 
0.1 5 22.3827 0.18915 
0.1 6 24.5487 0.178609 
0.1 7 26.7148 0.169056 
0.1 8 31.0469 0.159354 
0.1 9 37.9061 0.148533 
0.1 10 49.8195 0.136794 
0.1 11 55.5957 0.125257 
0.1 12 62.0939 0.114139 
0.1 13 68.231 0.10371 
0.1 14 72.2022 0.0942096 
0.1 15 76.1733 0.0856833 
0.1 16 79.0614 0.0781041 
0.1 17 80.1444 0.071495 
0.1 18 82.3105 0.0658634 
0.1 19 83.3935 0.061095 
0.1 20 84.1155 0.0570171 
0.1 21 85.1986 0.0534849 
0.1 22 87.0036 0.0503924 
0.1 23 87.3646 0.0476572 
0.1 24 87.3646 0.0452122 
0.1 25 88.4477 0.0430036 
0.1 26 89.1697 0.0409878 
0.1 27 89.5307 0.0391286 
0.1 28 90.6137 0.0373948 
0.1 29 90.9747 0.0357603 
0.1 30 90.9747 0.0342048 
0.1 31 91.6968 0.0327145 
0.1 32 92.0578 0.0312815 
0.1 33 92.4188 0.0299037 
0.1 34 92.7798 0.0285846 
0.1 35 93.1408 0.0273311 
0.1 36 93.5018 0.0261499 
0.1 37 93.8628 0.0250436 
0.1 38 94.5848 0.02401 
0.1 39 95.3069 0.023043 
0.1 40 95.6679 0.0221353 
0.1 41 96.0289 0.0212794 
0.1 42 97.1119 0.0204687 
0.1 43 97.1119 0.0196977 
0.1 44 97.4729 0.0189629 
0.1 45 97.4729 0.018263 
0.1 46 98.1949 0.0175989 
0.1 47 98.1949 0.0169741 
0.1 48 98.1949 0.0163931 
0.1 49 98.556 0.0158594 
0.1 50 98.556 0.0153726 
0.1 51 98.556 0.0149286 
0.1 52 98.556 0.014521 
0.1 53 98.556 0.0141436 
0.1 54 98.556 0.0137912 
0.1 55 98.556 0.0134604 
0.1 56 98.556 0.0131484 
0.1 57 98.556 0.0128532 
0.1 58 98.556 0.0125732 
0.1 59 98.556 0.0123071 
0.1 60 98.556 0.0120538 
0.1 61 98.556 0.0118123 
0.1 62 98.556 0.0115816 
0.1 63 98.556 0.0113611 
0.1 64 98.556 0.0111501 
0.1 65 98.917 0.010948 
0.1 66 98.917 0.0107542 
0.1 67 98.917 0.0105682 
0.1 68 98.917 0.0103896 
0.1 69 98.917 0.010218 
0.1 70 98.917 0.010053 
0.1 71 98.917 0.00989416 
0.1 72 99.278 0.00974126 
0.1 73 99.278 0.00959397 
0.1 74 99.278 0.00945202 
0.1 75 99.278 0.00931513 
0.1 76 99.278 0.00918306 
0.1 77 99.278 0.00905559 
0.1 78 99.278 0.0089325 
0.1 79 99.278 0.00881359 
0.1 80 99.278 0.00869866 
0.1 81 99.278 0.00858753 
0.1 82 99.278 0.00848004 
0.1 83 99.639 0.00837601 
0.1 84 99.639 0.0082753 
0.1 85 99.639 0.00817776 
0.1 86 99.639 0.00808325 
0.1 87 99.639 0.00799162 
0.1 88 99.639 0.00790277 
0.1 89 99.639 0.00781655 
0.1 90 99.639 0.00773286 
0.1 91 99.639 0.00765159 
0.1 92 99.639 0.00757262 
0.1 93 99.639 0.00749586 
0.1 94 99.639 0.00742121 
0.1 95 99.639 0.00734858 
0.1 96 99.639 0.00727788 
0.1 97 99.639 0.00720901 
0.1 98 99.639 0.00714192 
0.1 99 99.639 0.00707651 
0.1 100 99.639 0.00701271 
0.13 1 1.80505 0.237258 
0.13 2 11.1913 0.223421 
0.13 3 18.4116 0.204628 
0.13 4 22.3827 0.188627 
0.13 5 25.6318 0.175775 
0.13 6 28.1588 0.163845 
0.13 7 37.9061 0.150634 
0.13 8 49.8195 0.135698 
0.13 9 58.8448 0.121195 
0.13 10 63.5379 0.107614 
0.13 11 70.7581 0.0954592 
0.13 12 75.0903 0.0848828 
0.13 13 79.4224 0.0758031 
0.13 14 81.2274 0.0682203 
0.13 15 83.3935 0.0620957 
0.13 16 83.7545 0.057131 
0.13 17 85.1986 0.0529992 
0.13 18 87.0036 0.0494876 
0.13 19 87.3646 0.0464435 
0.13 20 88.0866 0.0437472 
0.13 21 88.4477 0.0413072 
0.13 22 88.8087 0.0390523 
0.13 23 90.2527 0.0369292 
0.13 24 90.2527 0.034906 
0.13 25 90.6137 0.0329723 
0.13 26 91.3357 0.0311321 
0.13 27 91.6968 0.029396 
0.13 28 92.0578 0.0277756 
0.13 29 93.5018 0.0262791 
0.13 30 94.5848 0.0249055 
0.13 31 94.9458 0.023645 
0.13 32 95.3069 0.0224821 
0.13 33 96.3899 0.0214008 
0.13 34 97.1119 0.0203874 
0.13 35 97.1119 0.0194332 
0.13 36 97.1119 0.0185361 
0.13 37 97.1119 0.017701 
0.13 38 97.4729 0.0169375 
0.13 39 98.1949 0.0162527 
0.13 40 98.556 0.0156443 
0.13 41 98.556 0.0151007 
0.13 42 98.556 0.0146082 
0.13 43 98.556 0.014156 
0.13 44 98.556 0.0137369 
0.13 45 98.556 0.0133463 
0.13 46 98.556 0.0129805 
0.13 47 98.556 0.0126368 
0.13 48 98.556 0.012313 
0.13 49 98.556 0.0120071 
0.13 50 98.556 0.0117177 
0.13 51 98.556 0.0114431 
0.13 52 98.556 0.0111824 
0.13 53 98.556 0.0109344 
0.13 54 98.556 0.0106982 
0.13 55 98.917 0.0104731 
0.13 56 98.917 0.0102582 
0.13 57 99.278 0.0100531 
0.13 58 99.278 0.00985694 
0.13 59 99.278 0.00966934 
0.13 60 99.278 0.00948977 
0.13 61 99.278 0.00931778 
0.13 62 99.278 0.00915296 
0.13 63 99.278 0.0089949 
0.13 64 99.639 0.00884324 
0.13 65 99.639 0.00869765 
0.13 66 99.639 0.0085578 
0.13 67 99.639 0.00842339 
0.13 68 99.639 0.00829413 
0.13 69 99.639 0.00816975 
0.13 70 99.639 0.00805 
0.13 71 99.639 0.00793463 
0.13 72 99.639 0.00782343 
0.13 73 99.639 0.00771616 
0.13 74 99.639 0.00761263 
0.13 75 99.639 0.00751264 
0.13 76 99.639 0.00741602 
0.13 77 99.639 0.00732257 
0.13 78 99.639 0.00723215 
0.13 79 99.639 0.0071446 
0.13 80 99.639 0.00705976 
0.13 81 99.639 0.00697752 
0.13 82 99.639 0.00689772 
0.13 83 99.639 0.00682026 
0.13 84 99.639 0.00674502 
0.13 85 99.639 0.00667189 
0.13 86 99.639 0.00660077 
0.13 87 99.639 0.00653155 
0.13 88 99.639 0.00646416 
0.13 89 99.639 0.0063985 
0.13 90 99.639 0.0063345 
0.13 91 99.639 0.00627207 
0.13 92 99.639 0.00621115 
0.13 93 99.639 0.00615166 
0.13 94 99.639 0.00609355 
0.13 95 99.639 0.00603676 
0.13 96 99.639 0.00598121 
0.13 97 99.639 0.00592688 
0.13 98 99.639 0.00587369 
0.13 99 99.639 0.00582161 
0.13 100 99.639 0.00577059 
0.16 1 4.33213 0.235144 
0.16 2 15.5235 0.216084 
0.16 3 22.0217 0.194829 
0.16 4 24.1877 0.178663 
0.16 5 28.1588 0.16447 
0.16 6 39.7112 0.148423 
0.16 7 51.6245 0.130429 
0.16 8 60.6498 0.113572 
0.16 9 68.231 0.0985619 
0.16 10 74.3682 0.085809 
0.16 11 78.7004 0.0752175 
0.16 12 81.9495 0.0667208 
0.16 13 82.6715 0.0601958 
0.16 14 84.1155 0.0551141 
0.16 15 86.2816 0.0509679 
0.16 16 87.0036 0.0474429 
0.16 17 87.7256 0.0443158 
0.16 18 88.4477 0.0414438 
0.16 19 88.8087 0.0387432 
0.16 20 89.5307 0.0361794 
0.16 21 90.6137 0.0337582 
0.16 22 91.3357 0.0314989 
0.16 23 91.3357 0.0294157 
0.16 24 92.4188 0.0275154 
0.16 25 93.1408 0.0257958 
0.16 26 94.9458 0.0242416 
0.16 27 95.3069 0.0228287 
0.16 28 95.3069 0.0215315 
0.16 29 96.7509 0.0203292 
0.16 30 97.1119 0.0192121 
0.16 31 97.1119 0.0181861 
0.16 32 97.4729 0.0172671 
0.16 33 97.4729 0.0164634 
0.16 34 97.8339 0.0157631 
0.16 35 97.8339 0.0151428 
0.16 36 98.556 0.0145829 
0.16 37 98.556 0.0140711 
0.16 38 98.556 0.0135998 
0.16 39 98.556 0.0131633 
0.16 40 98.556 0.0127571 
0.16 41 98.556 0.0123777 
0.16 42 98.556 0.0120219 
0.16 43 98.556 0.0116875 
0.16 44 98.556 0.0113722 
0.16 45 98.556 0.0110745 
0.16 46 98.917 0.0107928 
0.16 47 98.917 0.0105259 
0.16 48 98.917 0.0102726 
0.16 49 99.278 0.0100321 
0.16 50 99.278 0.00980345 
0.16 51 99.278 0.00958588 
0.16 52 99.278 0.00937869 
0.16 53 99.639 0.00918125 
0.16 54 99.639 0.00899295 
0.16 55 99.639 0.00881327 
0.16 56 99.639 0.00864169 
0.16 57 99.639 0.00847773 
0.16 58 99.639 0.00832096 
0.16 59 99.639 0.00817095 
0.16 60 99.639 0.00802731 
0.16 61 99.639 0.00788969 
0.16 62 99.639 0.00775772 
0.16 63 99.639 0.00763108 
0.16 64 99.639 0.00750946 
0.16 65 99.639 0.00739259 
0.16 66 99.639 0.00728017 
0.16 67 99.639 0.00717197 
0.16 68 99.639 0.00706773 
0.16 69 99.639 0.00696724 
0.16 70 99.639 0.00687029 
0.16 71 99.639 0.00677666 
0.16 72 99.639 0.00668619 
0.16 73 99.639 0.00659869 
0.16 74 99.639 0.006514 
0.16 75 99.639 0.00643197 
0.16 76 99.639 0.00635244 
0.16 77 99.639 0.0062753 
0.16 78 99.639 0.0062004 
0.16 79 99.639 0.00612763 
0.16 80 99.639 0.00605689 
0.16 81 99.639 0.00598806 
0.16 82 99.639 0.00592104 
0.16 83 99.639 0.00585576 
0.16 84 99.639 0.00579212 
0.16 85 99.639 0.00573004 
0.16 86 99.639 0.00566945 
0.16 87 99.639 0.00561029 
0.16 88 99.639 0.00555248 
0.16 89 99.639 0.00549597 
0.16 90 99.639 0.0054407 
0.16 91 99.639 0.00538662 
0.16 92 99.639 0.00533369 
0.16 93 99.639 0.00528185 
0.16 94 99.639 0.00523107 
0.16 95 99.639 0.0051813 
0.16 96 99.639 0.00513252 
0.16 97 99.639 0.00508469 
0.16 98 99.639 0.00503777 
0.16 99 99.639 0.00499173 
0.16 100 99.639 0.00494656 
0.19 1 6.85921 0.232995 
0.19 2 18.7726 0.208871 
0.19 3 23.1047 0.186977 
0.19 4 25.6318 0.170201 
0.19 5 37.5451 0.152704 
0.19 6 51.9856 0.131917 
0.19 7 62.0939 0.112564 
0.19 8 69.6751 0.0958276 
0.19 9 76.8953 0.0821101 
0.19 10 80.1444 0.0712653 
0.19 11 82.6715 0.063176 
0.19 12 83.0325 0.0572531 
0.19 13 84.1155 0.052541 
0.19 14 87.0036 0.0484411 
0.19 15 87.7256 0.0446384 
0.19 16 88.8087 0.0410722 
0.19 17 89.1697 0.0377946 
0.19 18 89.5307 0.0348524 
0.19 19 90.9747 0.0322328 
0.19 20 91.6968 0.0298719 
0.19 21 92.0578 0.0277243 
0.19 22 93.5018 0.0257704 
0.19 23 94.9458 0.0239933 
0.19 24 95.6679 0.0223754 
0.19 25 95.6679 0.0209015 
0.19 26 95.6679 0.0195717 
0.19 27 96.7509 0.0184045 
0.19 28 97.4729 0.0174042 
0.19 29 97.4729 0.0165416 
0.19 30 97.4729 0.0157812 
0.19 31 97.8339 0.0151002 
0.19 32 97.8339 0.014485 
0.19 33 98.556 0.0139257 
0.19 34 98.556 0.0134142 
0.19 35 98.556 0.0129437 
0.19 36 98.556 0.0125086 
0.19 37 98.556 0.0121044 
0.19 38 98.917 0.0117275 
0.19 39 98.917 0.0113748 
0.19 40 98.917 0.011044 
0.19 41 98.917 0.010733 
0.19 42 98.917 0.0104401 
0.19 43 98.917 0.0101636 
0.19 44 99.278 0.00990245 
0.19 45 99.639 0.00965537 
0.19 46 99.639 0.00942136 
0.19 47 99.639 0.0091995 
0.19 48 99.639 0.00898898 
0.19 49 99.639 0.00878901 
0.19 50 99.639 0.00859892 
0.19 51 99.639 0.00841805 
0.19 52 99.639 0.00824581 
0.19 53 99.639 0.00808163 
0.19 54 99.639 0.007925 
0.19 55 99.639 0.00777543 
0.19 56 99.639 0.00763247 
0.19 57 99.639 0.00749571 
0.19 58 99.639 0.00736474 
0.19 59 99.639 0.00723919 
0.19 60 99.639 0.00711873 
0.19 61 99.639 0.00700304 
0.19 62 99.639 0.00689182 
0.19 63 99.639 0.00678479 
0.19 64 99.639 0.0066817 
0.19 65 99.639 0.0065823 
0.19 66 99.639 0.00648637 
0.19 67 99.639 0.0063937 
0.19 68 99.639 0.00630409 
0.19 69 99.639 0.00621737 
0.19 70 99.639 0.00613336 
0.19 71 99.639 0.00605191 
0.19 72 99.639 0.00597287 
0.19 73 99.639 0.00589611 
0.19 74 99.639 0.00582149 
0.19 75 99.639 0.0057489 
0.19 76 99.639 0.00567823 
0.19 77 99.639 0.00560937 
0.19 78 99.639 0.00554224 
0.19 79 99.639 0.00547675 
0.19 80 99.639 0.00541281 
0.19 81 99.639 0.00535036 
0.19 82 99.639 0.00528933 
0.19 83 99.639 0.00522965 
0.19 84 99.639 0.00517126 
0.19 85 99.639 0.00511412 
0.19 86 99.639 0.00505817 
0.19 87 99.639 0.00500337 
0.19 88 99.639 0.00494968 
0.19 89 99.639 0.00489706 
0.19 90 99.639 0.00484547 
0.19 91 99.639 0.00479488 
0.19 92 99.639 0.00474526 
0.19 93 99.639 0.00469657 
0.19 94 99.639 0.00464881 
0.19 95 99.639 0.00460192 
0.19 96 99.639 0.0045559 
0.19 97 99.639 0.00451072 
0.19 98 99.639 0.00446635 
0.19 99 99.639 0.00442278 
0.19 100 99.639 0.00437998 
0.22 1 9.74729 0.230825 
0.22 2 20.5776 0.202695 
0.22 3 23.4657 0.180582 
0.22 4 32.13 0.162143 
0.22 5 49.0975 0.139806 
0.22 6 60.6498 0.117533 
0.22 7 68.231 0.0983038 
0.22 8 76.5343 0.0829929 
0.22 9 80.1444 0.0714467 
0.22 10 83.0325 0.0633276 
0.22 11 83.0325 0.0572814 
0.22 12 84.1155 0.0518706 
0.22 13 87.3646 0.0467482 
0.22 14 88.8087 0.0421289 
0.22 15 88.8087 0.0382096 
0.22 16 89.5307 0.0349908 
0.22 17 90.9747 0.0323343 
0.22 18 91.6968 0.0299591 
0.22 19 92.4188 0.0276831 
0.22 20 93.1408 0.0255014 
0.22 21 94.2238 0.0234707 
0.22 22 95.6679 0.0216585 
0.22 23 96.0289 0.0201075 
0.22 24 96.0289 0.0188103 
0.22 25 96.7509 0.0177107 
0.22 26 97.4729 0.0167564 
0.22 27 97.4729 0.0159146 
0.22 28 97.8339 0.0151644 
0.22 29 97.8339 0.0144904 
0.22 30 97.8339 0.0138805 
0.22 31 98.556 0.013325 
0.22 32 98.917 0.0128165 
0.22 33 98.917 0.012349 
0.22 34 98.917 0.0119175 
0.22 35 98.917 0.0115179 
0.22 36 98.917 0.0111468 
0.22 37 98.917 0.0108012 
0.22 38 98.917 0.0104787 
0.22 39 98.917 0.0101771 
0.22 40 99.278 0.00989439 
0.22 41 99.639 0.00962904 
0.22 42 99.639 0.00937953 
0.22 43 99.639 0.00914455 
0.22 44 99.639 0.00892292 
0.22 45 99.639 0.00871358 
0.22 46 99.639 0.00851555 
0.22 47 99.639 0.00832796 
0.22 48 99.639 0.00815001 
0.22 49 99.639 0.00798096 
0.22 50 99.639 0.00782015 
0.22 51 99.639 0.00766697 
0.22 52 99.639 0.00752086 
0.22 53 99.639 0.0073813 
0.22 54 99.639 0.00724782 
0.22 55 99.639 0.00712 
0.22 56 99.639 0.00699743 
0.22 57 99.639 0.00687974 
0.22 58 99.639 0.00676661 
0.22 59 99.639 0.00665771 
0.22 60 99.639 0.00655277 
0.22 61 99.639 0.00645152 
0.22 62 99.639 0.00635371 
0.22 63 99.639 0.00625911 
0.22 64 99.639 0.00616753 
0.22 65 99.639 0.00607876 
0.22 66 99.639 0.00599262 
0.22 67 99.639 0.00590896 
0.22 68 99.639 0.00582762 
0.22 69 99.639 0.00574847 
0.22 70 99.639 0.00567136 
0.22 71 99.639 0.0055962 
0.22 72 99.639 0.00552286 
0.22 73 99.639 0.00545125 
0.22 74 99.639 0.00538128 
0.22 75 99.639 0.00531287 
0.22 76 99.639 0.00524594 
0.22 77 99.639 0.00518042 
0.22 78 99.639 0.00511626 
0.22 79 99.639 0.00505339 
0.22 80 99.639 0.00499176 
0.22 81 99.639 0.00493134 
0.22 82 99.639 0.00487207 
0.22 83 99.639 0.00481392 
0.22 84 99.639 0.00475685 
0.22 85 99.639 0.00470083 
0.22 86 99.639 0.00464583 
0.22 87 99.639 0.00459183 
0.22 88 99.639 0.00453879 
0.22 89 99.639 0.0044867 
0.22 90 99.639 0.00443553 
0.22 91 99.639 0.00438526 
0.22 92 99.639 0.00433587 
0.22 93 99.639 0.00428733 
0.22 94 99.639 0.00423964 
0.22 95 99.639 0.00419276 
0.22 96 99.639 0.00414669 
0.22 97 99.639 0.0041014 
0.22 98 99.639 0.00405687 
0.22 99 99.639 0.00401309 
0.22 100 99.639 0.00397003 
0.25 1 11.1913 0.22862 
0.25 2 22.0217 0.197648 
0.25 3 24.9097 0.175057 
0.25 4 40.7942 0.15363 
0.25 5 54.1516 0.12818 
0.25 6 64.9819 0.105539 
0.25 7 73.6462 0.0877025 
0.25 8 79.7834 0.0747255 
0.25 9 81.9495 0.0658462 
0.25 10 82.6715 0.0586806 
0.25 11 83.7545 0.0517443 
0.25 12 87.3646 0.0456113 
0.25 13 88.8087 0.0406414 
0.25 14 89.1697 0.0367188 
0.25 15 90.2527 0.0337475 
0.25 16 91.3357 0.0314148 
0.25 17 92.0578 0.0291665 
0.25 18 92.7798 0.0267707 
0.25 19 93.5018 0.0243728 
0.25 20 94.5848 0.0222157 
0.25 21 96.0289 0.020429 
0.25 22 96.0289 0.0189671 
0.25 23 96.7509 0.0177513 
0.25 24 97.1119 0.0167208 
0.25 25 97.4729 0.0158295 
0.25 26 97.8339 0.0150451 
0.25 27 98.1949 0.0143443 
0.25 28 98.1949 0.0137109 
0.25 29 98.556 0.0131334 
0.25 30 98.917 0.0126041 
0.25 31 98.917 0.0121171 
0.25 32 98.917 0.0116682 
0.25 33 98.917 0.0112534 
0.25 34 98.917 0.0108697 
0.25 35 98.917 0.0105139 
0.25 36 98.917 0.0101836 
0.25 37 99.278 0.00987619 
0.25 38 99.278 0.00958962 
0.25 39 99.639 0.00932192 
0.25 40 99.639 0.00907136 
0.25 41 99.639 0.00883636 
0.25 42 99.639 0.00861553 
0.25 43 99.639 0.00840762 
0.25 44 99.639 0.0082115 
0.25 45 99.639 0.00802618 
0.25 46 99.639 0.00785075 
0.25 47 99.639 0.00768439 
0.25 48 99.639 0.00752637 
0.25 49 99.639 0.00737602 
0.25 50 99.639 0.00723275 
0.25 51 99.639 0.00709599 
0.25 52 99.639 0.00696525 
0.25 53 99.639 0.00684007 
0.25 54 99.639 0.00672003 
0.25 55 99.639 0.00660473 
0.25 56 99.639 0.00649382 
0.25 57 99.639 0.00638698 
0.25 58 99.639 0.0062839 
0.25 59 99.639 0.00618432 
0.25 60 99.639 0.00608798 
0.25 61 99.639 0.00599464 
0.25 62 99.639 0.00590411 
0.25 63 99.639 0.00581619 
0.25 64 99.639 0.0057307 
0.25 65 99.639 0.00564748 
0.25 66 99.639 0.00556639 
0.25 67 99.639 0.00548729 
0.25 68 99.639 0.00541006 
0.25 69 99.639 0.0053346 
0.25 70 99.639 0.00526081 
0.25 71 99.639 0.00518859 
0.25 72 99.639 0.00511786 
0.25 73 99.639 0.00504856 
0.25 74 99.639 0.00498062 
0.25 75 99.639 0.00491397 
0.25 76 99.639 0.00484857 
0.25 77 99.639 0.00478437 
0.25 78 99.639 0.00472133 
0.25 79 99.639 0.00465941 
0.25 80 99.639 0.00459858 
0.25 81 99.639 0.00453881 
0.25 82 99.639 0.00448008 
0.25 83 99.639 0.00442235 
0.25 84 99.639 0.00436561 
0.25 85 99.639 0.00430983 
0.25 86 99.639 0.004255 
0.25 87 99.639 0.00420109 
0.25 88 99.639 0.0041481 
0.25 89 99.639 0.00409599 
0.25 90 99.639 0.00404476 
0.25 91 99.639 0.00399439 
0.25 92 99.639 0.00394485 
0.25 93 99.639 0.00389614 
0.25 94 99.639 0.00384823 
0.25 95 99.639 0.00380112 
0.25 96 99.639 0.00375477 
0.25 97 99.639 0.00370918 
0.25 98 99.639 0.00366433 
0.25 99 99.639 0.0036202 
0.25 100 99.639 0.00357679 
0.28 1 12.2744 0.22644 
0.28 2 22.3827 0.193455 
0.28 3 26.3538 0.169871 
0.28 4 47.6534 0.144343 
0.28 5 59.5668 0.117931 
0.28 6 71.4801 0.0960707 
0.28 7 78.7004 0.0804634 
0.28 8 81.2274 0.0700186 
0.28 9 82.3105 0.0613059 
0.28 10 83.7545 0.0528689 
0.28 11 87.3646 0.0459678 
0.28 12 88.4477 0.0406035 
0.28 13 89.5307 0.0364311 
0.28 14 90.2527 0.0334956 
0.28 15 91.3357 0.0313732 
0.28 16 92.4188 0.0292637 
0.28 17 93.5018 0.0267259 
0.28 18 93.5018 0.0241039 
0.28 19 94.2238 0.0217616 
0.28 20 96.0289 0.0198776 
0.28 21 96.0289 0.0183779 
0.28 22 97.1119 0.017166 
0.28 23 97.1119 0.0161575 
0.28 24 97.8339 0.0152927 
0.28 25 98.1949 0.0145326 
0.28 26 98.1949 0.013851 
0.28 27 98.1949 0.0132314 
0.28 28 98.556 0.0126639 
0.28 29 98.917 0.0121423 
0.28 30 98.917 0.0116623 
0.28 31 98.917 0.0112202 
0.28 32 98.917 0.0108126 
0.28 33 99.278 0.0104362 
0.28 34 99.278 0.010088 
0.28 35 99.278 0.00976513 
0.28 36 99.278 0.00946494 
0.28 37 99.639 0.00918517 
0.28 38 99.639 0.0089238 
0.28 39 99.639 0.00867905 
0.28 40 99.639 0.00844938 
0.28 41 99.639 0.00823342 
0.28 42 99.639 0.00802998 
0.28 43 99.639 0.00783799 
0.28 44 99.639 0.00765648 
0.28 45 99.639 0.00748459 
0.28 46 99.639 0.00732155 
0.28 47 99.639 0.00716662 
0.28 48 99.639 0.00701916 
0.28 49 99.639 0.00687856 
0.28 50 99.639 0.00674428 
0.28 51 99.639 0.00661581 
0.28 52 99.639 0.00649269 
0.28 53 99.639 0.00637449 
0.28 54 99.639 0.00626085 
0.28 55 99.639 0.00615139 
0.28 56 99.639 0.00604582 
0.28 57 99.639 0.00594382 
0.28 58 99.639 0.00584515 
0.28 59 99.639 0.00574955 
0.28 60 99.639 0.00565681 
0.28 61 99.639 0.00556672 
0.28 62 99.639 0.0054791 
0.28 63 99.639 0.00539378 
0.28 64 99.639 0.0053106 
0.28 65 99.639 0.00522944 
0.28 66 99.639 0.00515016 
0.28 67 99.639 0.00507266 
0.28 68 99.639 0.00499683 
0.28 69 99.639 0.00492259 
0.28 70 99.639 0.00484986 
0.28 71 99.639 0.00477857 
0.28 72 99.639 0.00470866 
0.28 73 99.639 0.00464008 
0.28 74 99.639 0.00457279 
0.28 75 99.639 0.00450675 
0.28 76 99.639 0.00444192 
0.28 77 99.639 0.00437828 
0.28 78 99.639 0.0043158 
0.28 79 99.639 0.00425445 
0.28 80 99.639 0.00419421 
0.28 81 99.639 0.00413506 
0.28 82 99.639 0.00407697 
0.28 83 99.639 0.00401993 
0.28 84 99.639 0.00396391 
0.28 85 99.639 0.00390891 
0.28 86 99.639 0.00385489 
0.28 87 99.639 0.00380184 
0.28 88 99.639 0.00374973 
0.28 89 99.639 0.00369856 
0.28 90 99.639 0.0036483 
0.28 91 99.639 0.00359893 
0.28 92 99.639 0.00355044 
0.28 93 99.639 0.00350281 
0.28 94 99.639 0.00345602 
0.28 95 99.639 0.00341006 
0.28 96 99.639 0.00336491 
0.28 97 99.639 0.00332055 
0.28 98 99.639 0.00327698 
0.28 99 99.639 0.00323417 
0.28 100 99.639 0.00319212 
0.31 1 15.1625 0.224356 
0.31 2 23.1047 0.189835 
0.31 3 32.13 0.164534 
0.31 4 53.4296 0.135278 
0.31 5 63.8989 0.108592 
0.31 6 74.0072 0.088708 
0.31 7 79.7834 0.0759789 
0.31 8 81.5884 0.0656072 
0.31 9 83.0325 0.0555791 
0.31 10 85.9206 0.0477164 
0.31 11 88.4477 0.0417887 
0.31 12 89.1697 0.0369986 
0.31 13 90.2527 0.0337947 
0.31 14 91.3357 0.0317269 
0.31 15 90.9747 0.0298684 
0.31 16 93.5018 0.0271541 
0.31 17 93.5018 0.0243228 
0.31 18 93.8628 0.0217813 
0.31 19 95.6679 0.0196889 
0.31 20 96.7509 0.0180863 
0.31 21 97.1119 0.0168416 
0.31 22 97.4729 0.0158327 
0.31 23 97.8339 0.0149773 
0.31 24 98.1949 0.0142271 
0.31 25 98.1949 0.0135522 
0.31 26 98.1949 0.0129357 
0.31 27 98.556 0.0123692 
0.31 28 98.556 0.0118479 
0.31 29 98.917 0.0113682 
0.31 30 98.917 0.0109265 
0.31 31 99.278 0.0105191 
0.31 32 99.278 0.0101425 
0.31 33 99.278 0.0097933 
0.31 34 99.278 0.00946865 
0.31 35 99.639 0.00916609 
0.31 36 99.639 0.00888353 
0.31 37 99.639 0.00861923 
0.31 38 99.639 0.00837164 
0.31 39 99.639 0.0081394 
0.31 40 99.639 0.00792125 
0.31 41 99.639 0.00771603 
0.31 42 99.639 0.00752266 
0.31 43 99.639 0.00734012 
0.31 44 99.639 0.00716746 
0.31 45 99.639 0.00700383 
0.31 46 99.639 0.00684843 
0.31 47 99.639 0.00670056 
0.31 48 99.639 0.00655958 
0.31 49 99.639 0.00642491 
0.31 50 99.639 0.00629603 
0.31 51 99.639 0.00617249 
0.31 52 99.639 0.00605388 
0.31 53 99.639 0.00593981 
0.31 54 99.639 0.00582994 
0.31 55 99.639 0.00572396 
0.31 56 99.639 0.00562156 
0.31 57 99.639 0.00552249 
0.31 58 99.639 0.00542649 
0.31 59 99.639 0.00533334 
0.31 60 99.639 0.00524283 
0.31 61 99.639 0.00515477 
0.31 62 99.639 0.00506899 
0.31 63 99.639 0.00498536 
0.31 64 99.639 0.00490374 
0.31 65 99.639 0.00482402 
0.31 66 99.639 0.0047461 
0.31 67 99.639 0.00466991 
0.31 68 99.639 0.00459537 
0.31 69 99.639 0.00452242 
0.31 70 99.639 0.00445101 
0.31 71 99.639 0.00438109 
0.31 72 99.639 0.00431261 
0.31 73 99.639 0.00424554 
0.31 74 99.639 0.00417985 
0.31 75 99.639 0.00411549 
0.31 76 99.639 0.00405245 
0.31 77 99.639 0.00399068 
0.31 78 99.639 0.00393017 
0.31 79 99.639 0.00387088 
0.31 80 99.639 0.00381278 
0.31 81 99.639 0.00375586 
0.31 82 99.639 0.00370009 
0.31 83 99.639 0.00364544 
0.31 84 99.639 0.00359189 
0.31 85 99.639 0.00353942 
0.31 86 99.639 0.00348801 
0.31 87 99.639 0.00343763 
0.31 88 99.639 0.00338827 
0.31 89 99.639 0.00333992 
0.31 90 99.639 0.00329254 
0.31 91 99.639 0.00324613 
0.31 92 99.639 0.00320066 
0.31 93 99.639 0.00315613 
0.31 94 99.639 0.00311251 
0.31 95 99.639 0.0030698 
0.31 96 99.639 0.00302796 
0.31 97 99.639 0.002987 
0.31 98 99.639 0.0029469 
0.31 99 99.639 0.00290763 
0.31 100 99.639 0.0028692 
0.34 1 17.3285 0.22243 
0.34 2 23.4657 0.18654 
0.34 3 36.8231 0.158496 
0.34 4 55.9567 0.127426 
0.34 5 68.231 0.101044 
0.34 6 76.8953 0.0838251 
0.34 7 80.8664 0.072165 
0.34 8 82.3105 0.0607087 
0.34 9 84.1155 0.051253 
0.34 10 87.7256 0.0443997 
0.34 11 88.8087 0.0388355 
0.34 12 89.8917 0.0348318 
0.34 13 90.6137 0.0325204 
0.34 14 91.3357 0.0307766 
0.34 15 92.7798 0.0285991 
0.34 16 93.5018 0.0250671 
0.34 17 93.8628 0.0224964 
0.34 18 95.3069 0.0200996 
0.34 19 97.4729 0.018248 
0.34 20 97.1119 0.0168894 
0.34 21 97.4729 0.0158258 
0.34 22 97.4729 0.0149347 
0.34 23 98.1949 0.0141579 
0.34 24 98.1949 0.013465 
0.34 25 98.1949 0.0128373 
0.34 26 98.556 0.0122643 
0.34 27 98.556 0.0117394 
0.34 28 98.917 0.0112571 
0.34 29 99.278 0.0108125 
0.34 30 99.278 0.0104009 
0.34 31 99.278 0.0100184 
0.34 32 99.278 0.00966165 
0.34 33 99.278 0.00932823 
0.34 34 99.639 0.0090162 
0.34 35 99.639 0.00872404 
0.34 36 99.639 0.00845041 
0.34 37 99.639 0.00819405 
0.34 38 99.639 0.0079537 
0.34 39 99.639 0.00772807 
0.34 40 99.639 0.00751588 
0.34 41 99.639 0.00731588 
0.34 42 99.639 0.00712692 
0.34 43 99.639 0.00694795 
0.34 44 99.639 0.00677804 
0.34 45 99.639 0.00661639 
0.34 46 99.639 0.00646232 
0.34 47 99.639 0.00631524 
0.34 48 99.639 0.00617464 
0.34 49 99.639 0.00604007 
0.34 50 99.639 0.00591111 
0.34 51 99.639 0.00578738 
0.34 52 99.639 0.0056685 
0.34 53 99.639 0.00555414 
0.34 54 99.639 0.00544396 
0.34 55 99.639 0.00533765 
0.34 56 99.639 0.00523493 
0.34 57 99.639 0.00513551 
0.34 58 99.639 0.00503916 
0.34 59 99.639 0.00494567 
0.34 60 99.639 0.00485483 
0.34 61 99.639 0.00476649 
0.34 62 99.639 0.00468048 
0.34 63 99.639 0.00459668 
0.34 64 99.639 0.004515 
0.34 65 99.639 0.00443533 
0.34 66 99.639 0.00435759 
0.34 67 99.639 0.00428172 
0.34 68 99.639 0.00420766 
0.34 69 99.639 0.00413536 
0.34 70 99.639 0.00406477 
0.34 71 99.639 0.00399585 
0.34 72 99.639 0.00392856 
0.34 73 99.639 0.00386285 
0.34 74 99.639 0.00379871 
0.34 75 99.639 0.00373609 
0.34 76 99.639 0.00367495 
0.34 77 99.639 0.00361527 
0.34 78 99.639 0.00355702 
0.34 79 99.639 0.00350016 
0.34 80 99.639 0.00344466 
0.34 81 99.639 0.0033905 
0.34 82 99.639 0.00333764 
0.34 83 99.639 0.00328606 
0.34 84 99.639 0.00323572 
0.34 85 99.639 0.00318661 
0.34 86 99.639 0.00313869 
0.34 87 99.639 0.00309193 
0.34 88 99.639 0.00304632 
0.34 89 99.639 0.00300181 
0.34 90 99.639 0.0029584 
0.34 91 99.639 0.00291605 
0.34 92 99.639 0.00287473 
0.34 93 99.639 0.00283443 
0.34 94 99.639 0.00279512 
0.34 95 100 0.00275677 
0.34 96 100 0.00271936 
0.34 97 100 0.00268287 
0.34 98 100 0.00264728 
0.34 99 100 0.00261255 
0.34 100 100 0.00257868 
0.37 1 20.5776 0.220694 
0.37 2 23.8267 0.183296 
0.37 3 45.4874 0.151653 
0.37 4 59.2058 0.119921 
0.37 5 71.8412 0.0946609 
0.37 6 78.7004 0.0799269 
0.37 7 81.2274 0.0679192 
0.37 8 83.0325 0.0566051 
0.37 9 86.6426 0.0480725 
0.37 10 88.8087 0.0418773 
0.37 11 89.1697 0.0364462 
0.37 12 90.9747 0.0332711 
0.37 13 91.3357 0.0315989 
0.37 14 92.7798 0.0290803 
0.37 15 93.1408 0.0273179 
0.37 16 93.8628 0.0232468 
0.37 17 94.9458 0.0209044 
0.37 18 97.1119 0.0186508 
0.37 19 97.4729 0.0170607 
0.37 20 97.4729 0.0159252 
0.37 21 97.4729 0.0149991 
0.37 22 98.1949 0.0141882 
0.37 23 98.1949 0.0134695 
0.37 24 98.1949 0.0128306 
0.37 25 98.556 0.0122568 
0.37 26 98.917 0.0117347 
0.37 27 98.917 0.0112547 
0.37 28 99.278 0.0108099 
0.37 29 99.278 0.010395 
0.37 30 99.278 0.010006 
0.37 31 99.278 0.00964014 
0.37 32 99.278 0.00929579 
0.37 33 99.639 0.00897186 
0.37 34 99.639 0.00866763 
0.37 35 99.639 0.00838237 
0.37 36 99.639 0.00811515 
0.37 37 99.639 0.00786478 
0.37 38 99.639 0.00762985 
0.37 39 99.639 0.0074089 
0.37 40 99.639 0.00720049 
0.37 41 99.639 0.00700333 
0.37 42 99.639 0.0068163 
0.37 43 99.639 0.00663852 
0.37 44 99.639 0.00646926 
0.37 45 99.639 0.00630796 
0.37 46 99.639 0.00615412 
0.37 47 99.639 0.00600732 
0.37 48 99.639 0.00586715 
0.37 49 99.639 0.00573321 
0.37 50 99.639 0.0056051 
0.37 51 99.639 0.00548242 
0.37 52 99.639 0.00536476 
0.37 53 99.639 0.00525173 
0.37 54 99.639 0.00514295 
0.37 55 99.639 0.00503806 
0.37 56 99.639 0.00493671 
0.37 57 99.639 0.00483861 
0.37 58 99.639 0.00474349 
0.37 59 99.639 0.00465113 
0.37 60 99.639 0.00456135 
0.37 61 99.639 0.00447397 
0.37 62 99.639 0.00438889 
0.37 63 99.639 0.00430601 
0.37 64 99.639 0.00422523 
0.37 65 99.639 0.0041465 
0.37 66 99.639 0.00406976 
0.37 67 99.639 0.00399496 
0.37 68 99.639 0.00392205 
0.37 69 99.639 0.00385099 
0.37 70 99.639 0.00378176 
0.37 71 99.639 0.0037143 
0.37 72 99.639 0.00364859 
0.37 73 99.639 0.00358458 
0.37 74 99.639 0.00352225 
0.37 75 99.639 0.00346155 
0.37 76 99.639 0.00340246 
0.37 77 99.639 0.00334493 
0.37 78 99.639 0.00328892 
0.37 79 99.639 0.00323441 
0.37 80 99.639 0.00318136 
0.37 81 99.639 0.00312972 
0.37 82 99.639 0.00307948 
0.37 83 99.639 0.00303058 
0.37 84 99.639 0.002983 
0.37 85 99.639 0.00293671 
0.37 86 99.639 0.00289166 
0.37 87 99.639 0.00284782 
0.37 88 100 0.00280517 
0.37 89 100 0.00276367 
0.37 90 100 0.00272328 
0.37 91 100 0.00268398 
0.37 92 100 0.00264573 
0.37 93 100 0.00260851 
0.37 94 100 0.00257228 
0.37 95 100 0.00253702 
0.37 96 100 0.00250269 
0.37 97 100 0.00246927 
0.37 98 100 0.00243673 
0.37 99 100 0.00240505 
0.37 100 100 0.00237419 
0.4 1 20.9386 0.219024 
0.4 2 24.1877 0.179847 
0.4 3 49.8195 0.144281 
0.4 4 64.2599 0.111947 
0.4 5 75.4513 0.0889667 
0.4 6 79.7834 0.0762282 
0.4 7 81.2274 0.0639744 
0.4 8 83.7545 0.0532346 
0.4 9 86.6426 0.0454194 
0.4 10 88.8087 0.0394083 
0.4 11 90.9747 0.0341753 
0.4 12 91.3357 0.0309621 
0.4 13 91.6968 0.0301292 
0.4 14 93.5018 0.0271033 
0.4 15 93.5018 0.0257933 
0.4 16 95.6679 0.0209887 
0.4 17 96.7509 0.0191897 
0.4 18 97.8339 0.0172214 
0.4 19 97.8339 0.0159166 
0.4 20 97.4729 0.0150496 
0.4 21 97.8339 0.01431 
0.4 22 98.1949 0.0135835 
0.4 23 98.1949 0.0129178 
0.4 24 98.917 0.0123294 
0.4 25 98.917 0.011791 
0.4 26 98.917 0.0112888 
0.4 27 99.278 0.0108168 
0.4 28 99.278 0.010372 
0.4 29 99.278 0.00995246 
0.4 30 99.278 0.00955736 
0.4 31 99.278 0.00918655 
0.4 32 99.639 0.00884003 
0.4 33 99.639 0.00851739 
0.4 34 99.639 0.00821751 
0.4 35 99.639 0.00793862 
0.4 36 99.639 0.00767854 
0.4 37 99.639 0.00743507 
0.4 38 99.639 0.00720619 
0.4 39 99.639 0.0069903 
0.4 40 99.639 0.0067862 
0.4 41 99.639 0.00659306 
0.4 42 99.639 0.00641029 
0.4 43 99.639 0.00623743 
0.4 44 99.639 0.006074 
0.4 45 99.639 0.00591954 
0.4 46 99.639 0.00577354 
0.4 47 99.639 0.00563544 
0.4 48 99.639 0.00550463 
0.4 49 99.639 0.00538046 
0.4 50 99.639 0.00526225 
0.4 51 99.639 0.00514937 
0.4 52 99.639 0.00504117 
0.4 53 99.639 0.00493712 
0.4 54 99.639 0.00483673 
0.4 55 99.639 0.00473959 
0.4 56 99.639 0.00464538 
0.4 57 99.639 0.00455383 
0.4 58 99.639 0.00446472 
0.4 59 99.639 0.00437791 
0.4 60 99.639 0.00429325 
0.4 61 99.639 0.00421067 
0.4 62 99.639 0.00413008 
0.4 63 99.639 0.00405143 
0.4 64 99.639 0.00397469 
0.4 65 99.639 0.00389983 
0.4 66 99.639 0.00382682 
0.4 67 99.639 0.00375565 
0.4 68 99.639 0.00368631 
0.4 69 99.639 0.00361878 
0.4 70 99.639 0.00355305 
0.4 71 99.639 0.0034891 
0.4 72 99.639 0.00342691 
0.4 73 99.639 0.00336648 
0.4 74 99.639 0.00330777 
0.4 75 99.639 0.00325076 
0.4 76 99.639 0.00319543 
0.4 77 99.639 0.00314174 
0.4 78 99.639 0.00308966 
0.4 79 99.639 0.00303916 
0.4 80 99.639 0.0029902 
0.4 81 99.639 0.00294274 
0.4 82 99.639 0.00289675 
0.4 83 100 0.00285218 
0.4 84 100 0.00280899 
0.4 85 100 0.00276714 
0.4 86 100 0.00272659 
0.4 87 100 0.00268729 
0.4 88 100 0.00264921 
0.4 89 100 0.00261229 
0.4 90 100 0.0025765 
0.4 91 100 0.0025418 
0.4 92 100 0.00250814 
0.4 93 100 0.0024755 
0.4 94 100 0.00244381 
0.4 95 100 0.00241306 
0.4 96 100 0.00238321 
0.4 97 100 0.00235421 
0.4 98 100 0.00232604 
0.4 99 100 0.00229866 
0.4 100 100 0.00227204 
0.43 1 22.7437 0.217303 
0.43 2 26.3538 0.176143 
0.43 3 52.3466 0.13709 
0.43 4 66.426 0.104747 
0.43 5 78.3394 0.0847649 
0.43 6 80.5054 0.0724387 
0.43 7 81.9495 0.0601693 
0.43 8 86.2816 0.051058 
0.43 9 87.7256 0.0438092 
0.43 10 90.2527 0.0369954 
0.43 11 90.6137 0.0321977 
0.43 12 91.6968 0.0292095 
0.43 13 92.7798 0.0285033 
0.43 14 94.2238 0.0257854 
0.43 15 93.8628 0.0245669 
0.43 16 96.7509 0.0196387 
0.43 17 97.8339 0.0182598 
0.43 18 97.8339 0.0165342 
0.43 19 97.8339 0.0153364 
0.43 20 97.8339 0.0146546 
0.43 21 98.1949 0.0140064 
0.43 22 98.1949 0.0132255 
0.43 23 98.917 0.0125696 
0.43 24 98.917 0.0119937 
0.43 25 98.917 0.0114552 
0.43 26 99.278 0.0109457 
0.43 27 99.278 0.0104644 
0.43 28 99.278 0.0100107 
0.43 29 99.278 0.00958468 
0.43 30 99.278 0.00918664 
0.43 31 99.639 0.00881683 
0.43 32 99.639 0.00847454 
0.43 33 99.639 0.0081579 
0.43 34 99.639 0.00786415 
0.43 35 99.639 0.00759018 
0.43 36 99.639 0.00733314 
0.43 37 99.639 0.00709076 
0.43 38 99.639 0.00686156 
0.43 39 99.639 0.00664471 
0.43 40 99.639 0.00643979 
0.43 41 99.639 0.0062465 
0.43 42 99.639 0.00606454 
0.43 43 99.639 0.00589354 
0.43 44 99.639 0.00573304 
0.43 45 99.639 0.00558242 
0.43 46 99.639 0.00544093 
0.43 47 99.639 0.00530768 
0.43 48 99.639 0.00518171 
0.43 49 99.639 0.0050621 
0.43 50 99.639 0.004948 
0.43 51 99.639 0.00483867 
0.43 52 99.639 0.00473349 
0.43 53 99.639 0.00463197 
0.43 54 99.639 0.00453371 
0.43 55 99.639 0.00443841 
0.43 56 99.639 0.00434583 
0.43 57 99.639 0.0042558 
0.43 58 99.639 0.00416821 
0.43 59 99.639 0.00408295 
0.43 60 99.639 0.00399998 
0.43 61 99.639 0.00391925 
0.43 62 99.639 0.00384075 
0.43 63 99.639 0.00376445 
0.43 64 99.639 0.00369036 
0.43 65 99.639 0.00361844 
0.43 66 99.639 0.00354871 
0.43 67 99.639 0.00348113 
0.43 68 99.639 0.00341568 
0.43 69 99.639 0.00335235 
0.43 70 99.639 0.00329111 
0.43 71 99.639 0.0032319 
0.43 72 99.639 0.0031747 
0.43 73 99.639 0.00311946 
0.43 74 99.639 0.00306613 
0.43 75 99.639 0.00301466 
0.43 76 100 0.002965 
0.43 77 100 0.00291709 
0.43 78 100 0.00287088 
0.43 79 100 0.00282631 
0.43 80 100 0.00278332 
0.43 81 100 0.00274184 
0.43 82 100 0.00270184 
0.43 83 100 0.00266324 
0.43 84 100 0.002626 
0.43 85 100 0.00259005 
0.43 86 100 0.00255535 
0.43 87 100 0.00252183 
0.43 88 100 0.00248946 
0.43 89 100 0.00245818 
0.43 90 100 0.00242793 
0.43 91 100 0.00239869 
0.43 92 100 0.00237039 
0.43 93 100 0.00234299 
0.43 94 100 0.00231646 
0.43 95 100 0.00229076 
0.43 96 100 0.00226583 
0.43 97 100 0.00224166 
0.43 98 100 0.00221819 
0.43 99 100 0.0021954 
0.43 100 100 0.00217325 
0.46 1 23.8267 0.215639 
0.46 2 26.7148 0.172151 
0.46 3 56.3177 0.131295 
0.46 4 69.6751 0.0997292 
0.46 5 78.7004 0.0816029 
0.46 6 80.8664 0.0694668 
0.46 7 82.6715 0.0568557 
0.46 8 86.6426 0.0488448 
0.46 9 88.4477 0.0430114 
0.46 10 90.2527 0.0360904 
0.46 11 90.9747 0.0318758 
0.46 12 92.0578 0.0279653 
0.46 13 93.1408 0.026593 
0.46 14 93.8628 0.0256361 
0.46 15 94.5848 0.0241713 
0.46 16 97.1119 0.018487 
0.46 17 97.4729 0.0175508 
0.46 18 97.4729 0.0159854 
0.46 19 97.8339 0.0151066 
0.46 20 98.1949 0.0143599 
0.46 21 98.1949 0.0135524 
0.46 22 98.917 0.0127952 
0.46 23 99.278 0.0122281 
0.46 24 99.278 0.0117192 
0.46 25 99.278 0.0112378 
0.46 26 99.278 0.0107797 
0.46 27 99.278 0.0103443 
0.46 28 99.278 0.00993033 
0.46 29 99.278 0.00953677 
0.46 30 99.278 0.00916356 
0.46 31 99.639 0.00881136 
0.46 32 99.639 0.00848074 
0.46 33 99.639 0.00817138 
0.46 34 99.639 0.00788191 
0.46 35 99.639 0.00761007 
0.46 36 99.639 0.00735327 
0.46 37 99.639 0.00710912 
0.46 38 99.639 0.00687591 
0.46 39 99.639 0.0066527 
0.46 40 99.639 0.00643928 
0.46 41 99.639 0.00623572 
0.46 42 99.639 0.0060422 
0.46 43 99.639 0.00585885 
0.46 44 99.639 0.00568571 
0.46 45 99.639 0.00552261 
0.46 46 99.639 0.00536909 
0.46 47 99.639 0.0052244 
0.46 48 99.639 0.00508761 
0.46 49 99.639 0.00495775 
0.46 50 99.639 0.00483394 
0.46 51 99.639 0.0047154 
0.46 52 99.639 0.00460151 
0.46 53 99.639 0.00449177 
0.46 54 99.639 0.00438583 
0.46 55 99.639 0.00428341 
0.46 56 99.639 0.00418433 
0.46 57 99.639 0.00408846 
0.46 58 99.639 0.00399569 
0.46 59 99.639 0.00390596 
0.46 60 99.639 0.00381919 
0.46 61 99.639 0.00373535 
0.46 62 99.639 0.00365437 
0.46 63 99.639 0.00357619 
0.46 64 99.639 0.00350075 
0.46 65 99.639 0.003428 
0.46 66 99.639 0.00335785 
0.46 67 99.639 0.00329023 
0.46 68 99.639 0.00322507 
0.46 69 99.639 0.00316228 
0.46 70 99.639 0.00310179 
0.46 71 100 0.0030435 
0.46 72 100 0.00298734 
0.46 73 100 0.00293321 
0.46 74 100 0.00288104 
0.46 75 100 0.00283074 
0.46 76 100 0.00278223 
0.46 77 100 0.00273543 
0.46 78 100 0.00269027 
0.46 79 100 0.00264666 
0.46 80 100 0.00260454 
0.46 81 100 0.00256383 
0.46 82 100 0.00252448 
0.46 83 100 0.00248642 
0.46 84 100 0.00244959 
0.46 85 100 0.00241393 
0.46 86 100 0.0023794 
0.46 87 100 0.00234593 
0.46 88 100 0.00231348 
0.46 89 100 0.002282 
0.46 90 100 0.00225146 
0.46 91 100 0.0022218 
0.46 92 100 0.002193 
0.46 93 100 0.00216501 
0.46 94 100 0.0021378 
0.46 95 100 0.00211133 
0.46 96 100 0.00208558 
0.46 97 100 0.00206051 
0.46 98 100 0.0020361 
0.46 99 100 0.00201231 
0.46 100 100 0.00198912 
0.49 1 24.1877 0.214307 
0.49 2 30.6859 0.167944 
0.49 3 58.1227 0.126528 
0.49 4 72.5632 0.096028 
0.49 5 80.1444 0.0793889 
0.49 6 80.5054 0.065502 
0.49 7 84.1155 0.0546048 
0.49 8 87.7256 0.0469653 
0.49 9 89.1697 0.0425498 
0.49 10 90.2527 0.0349623 
0.49 11 92.0578 0.0308975 
0.49 12 92.0578 0.0279552 
0.49 13 92.7798 0.0259474 
0.49 14 94.2238 0.0239273 
0.49 15 94.5848 0.0220733 
0.49 16 97.4729 0.0202859 
0.49 17 97.1119 0.0167015 
0.49 18 97.8339 0.0155863 
0.49 19 97.8339 0.0147145 
0.49 20 98.917 0.0140664 
0.49 21 98.917 0.0133171 
0.49 22 99.278 0.0125181 
0.49 23 99.278 0.0120347 
0.49 24 99.278 0.0115922 
0.49 25 99.278 0.0111564 
0.49 26 99.278 0.0107339 
0.49 27 99.278 0.0103281 
0.49 28 99.278 0.00993928 
0.49 29 99.278 0.00956698 
0.49 30 99.278 0.00921105 
0.49 31 99.639 0.00887198 
0.49 32 99.639 0.00855053 
0.49 33 99.639 0.00824712 
0.49 34 99.639 0.0079613 
0.49 35 99.639 0.00769165 
0.49 36 99.639 0.00743604 
0.49 37 99.639 0.00719205 
0.49 38 99.639 0.0069575 
0.49 39 99.639 0.0067309 
0.49 40 99.639 0.00651163 
0.49 41 99.639 0.00629976 
0.49 42 99.639 0.00609571 
0.49 43 99.639 0.00590008 
0.49 44 99.639 0.00571355 
0.49 45 99.639 0.0055366 
0.49 46 99.639 0.00536926 
0.49 47 99.639 0.00521103 
0.49 48 99.639 0.00506109 
0.49 49 99.639 0.00491853 
0.49 50 99.639 0.00478249 
0.49 51 99.639 0.00465225 
0.49 52 99.639 0.00452722 
0.49 53 99.639 0.00440695 
0.49 54 99.639 0.0042911 
0.49 55 99.639 0.00417941 
0.49 56 99.639 0.0040717 
0.49 57 99.639 0.0039678 
0.49 58 99.639 0.00386758 
0.49 59 99.639 0.00377094 
0.49 60 99.639 0.00367777 
0.49 61 99.639 0.00358796 
0.49 62 99.639 0.00350142 
0.49 63 99.639 0.00341806 
0.49 64 99.639 0.00333776 
0.49 65 99.639 0.00326044 
0.49 66 99.639 0.003186 
0.49 67 99.639 0.00311432 
0.49 68 99.639 0.00304531 
0.49 69 100 0.00297886 
0.49 70 100 0.00291486 
0.49 71 100 0.00285322 
0.49 72 100 0.00279382 
0.49 73 100 0.00273656 
0.49 74 100 0.00268134 
0.49 75 100 0.00262808 
0.49 76 100 0.00257666 
0.49 77 100 0.00252701 
0.49 78 100 0.00247903 
0.49 79 100 0.00243265 
0.49 80 100 0.00238778 
0.49 81 100 0.00234437 
0.49 82 100 0.00230232 
0.49 83 100 0.00226159 
0.49 84 100 0.00222211 
0.49 85 100 0.00218383 
0.49 86 100 0.00214669 
0.49 87 100 0.00211064 
0.49 88 100 0.00207564 
0.49 89 100 0.00204164 
0.49 90 100 0.00200861 
0.49 91 100 0.00197651 
0.49 92 100 0.0019453 
0.49 93 100 0.00191495 
0.49 94 100 0.00188544 
0.49 95 100 0.00185672 
0.49 96 100 0.00182879 
0.49 97 100 0.0018016 
0.49 98 100 0.00177514 
0.49 99 100 0.00174939 
0.49 100 100 0.00172431 
0.52 1 24.5487 0.213484 
0.52 2 40.4332 0.164353 
0.52 3 60.2888 0.122383 
0.52 4 73.6462 0.0927832 
0.52 5 79.7834 0.0777242 
0.52 6 81.9495 0.0616736 
0.52 7 84.4765 0.053857 
0.52 8 88.0866 0.0459928 
0.52 9 89.8917 0.0408813 
0.52 10 90.6137 0.0331961 
0.52 11 92.0578 0.0287295 
0.52 12 92.7798 0.0258527 
0.52 13 93.8628 0.0247273 
0.52 14 94.2238 0.0226867 
0.52 15 95.3069 0.0203779 
0.52 16 96.0289 0.0185603 
0.52 17 97.4729 0.0165473 
0.52 18 98.556 0.0155404 
0.52 19 98.556 0.0147005 
0.52 20 98.1949 0.0141648 
0.52 21 98.556 0.0131623 
0.52 22 99.278 0.0124601 
0.52 23 99.278 0.012044 
0.52 24 99.278 0.0115843 
0.52 25 99.278 0.0111282 
0.52 26 99.278 0.0106901 
0.52 27 99.278 0.0102714 
0.52 28 99.278 0.00987175 
0.52 29 99.278 0.00949066 
0.52 30 99.278 0.00912856 
0.52 31 99.639 0.0087862 
0.52 32 99.639 0.00846408 
0.52 33 99.639 0.00816187 
0.52 34 99.639 0.00787812 
0.52 35 99.639 0.00761042 
0.52 36 99.639 0.00735572 
0.52 37 99.639 0.00711096 
0.52 38 99.639 0.00687378 
0.52 39 99.639 0.00664309 
0.52 40 99.639 0.00641896 
0.52 41 99.639 0.00620217 
0.52 42 99.639 0.005994 
0.52 43 99.639 0.005796 
0.52 44 99.639 0.00560922 
0.52 45 99.639 0.00543372 
0.52 46 99.639 0.00526867 
0.52 47 99.639 0.00511287 
0.52 48 99.639 0.00496507 
0.52 49 99.639 0.00482417 
0.52 50 99.639 0.00468929 
0.52 51 99.639 0.00455974 
0.52 52 99.639 0.00443501 
0.52 53 99.639 0.00431473 
0.52 54 99.639 0.0041986 
0.52 55 99.639 0.00408643 
0.52 56 99.639 0.00397805 
0.52 57 99.639 0.00387334 
0.52 58 99.639 0.00377218 
0.52 59 99.639 0.00367449 
0.52 60 99.639 0.00358018 
0.52 61 99.639 0.00348917 
0.52 62 99.639 0.00340138 
0.52 63 99.639 0.00331676 
0.52 64 99.639 0.00323521 
0.52 65 99.639 0.00315666 
0.52 66 99.639 0.00308103 
0.52 67 100 0.00300823 
0.52 68 100 0.00293816 
0.52 69 100 0.00287071 
0.52 70 100 0.0028058 
0.52 71 100 0.0027433 
0.52 72 100 0.00268312 
0.52 73 100 0.00262514 
0.52 74 100 0.00256927 
0.52 75 100 0.00251539 
0.52 76 100 0.00246342 
0.52 77 100 0.00241327 
0.52 78 100 0.00236483 
0.52 79 100 0.00231804 
0.52 80 100 0.0022728 
0.52 81 100 0.00222906 
0.52 82 100 0.00218674 
0.52 83 100 0.00214577 
0.52 84 100 0.00210611 
0.52 85 100 0.00206769 
0.52 86 100 0.00203047 
0.52 87 100 0.00199439 
0.52 88 100 0.00195942 
0.52 89 100 0.00192551 
0.52 90 100 0.00189263 
0.52 91 100 0.00186073 
0.52 92 100 0.00182978 
0.52 93 100 0.00179976 
0.52 94 100 0.00177063 
0.52 95 100 0.00174235 
0.52 96 100 0.00171491 
0.52 97 100 0.00168828 
0.52 98 100 0.00166242 
0.52 99 100 0.00163731 
0.52 100 100 0.00161294 
0.55 1 24.5487 0.213122 
0.55 2 41.8773 0.160485 
0.55 3 63.8989 0.117449 
0.55 4 75.0903 0.0894239 
0.55 5 79.0614 0.0754258 
0.55 6 82.3105 0.0580057 
0.55 7 86.6426 0.0515837 
0.55 8 88.8087 0.0440517 
0.55 9 88.8087 0.0428351 
0.55 10 93.8628 0.0303983 
0.55 11 93.8628 0.0267239 
0.55 12 93.8628 0.0266929 
0.55 13 94.5848 0.0226046 
0.55 14 95.3069 0.0222037 
0.55 15 96.0289 0.0200792 
0.55 16 94.5848 0.0224146 
0.55 17 98.556 0.0146594 
0.55 18 98.1949 0.0144203 
0.55 19 98.917 0.0134438 
0.55 20 98.556 0.0129435 
0.55 21 98.917 0.0125517 
0.55 22 98.917 0.0121332 
0.55 23 99.278 0.0116322 
0.55 24 99.278 0.0111169 
0.55 25 99.278 0.0106155 
0.55 26 99.278 0.0101376 
0.55 27 99.278 0.00968597 
0.55 28 99.639 0.00926225 
0.55 29 99.639 0.00886751 
0.55 30 99.639 0.00850142 
0.55 31 99.639 0.00816187 
0.55 32 99.639 0.00784498 
0.55 33 99.639 0.00754574 
0.55 34 99.639 0.0072594 
0.55 35 99.639 0.00698332 
0.55 36 99.639 0.006717 
0.55 37 99.639 0.00646098 
0.55 38 99.639 0.00621672 
0.55 39 99.639 0.00598704 
0.55 40 99.639 0.00577456 
0.55 41 99.639 0.00557978 
0.55 42 99.639 0.0054012 
0.55 43 99.639 0.00523643 
0.55 44 99.639 0.00508312 
0.55 45 99.639 0.00493926 
0.55 46 99.639 0.00480322 
0.55 47 99.639 0.00467374 
0.55 48 99.639 0.00454987 
0.55 49 99.639 0.0044309 
0.55 50 99.639 0.00431629 
0.55 51 99.639 0.00420567 
0.55 52 99.639 0.00409879 
0.55 53 99.639 0.00399545 
0.55 54 99.639 0.00389555 
0.55 55 99.639 0.00379898 
0.55 56 99.639 0.00370569 
0.55 57 99.639 0.00361562 
0.55 58 99.639 0.00352874 
0.55 59 99.639 0.00344501 
0.55 60 99.639 0.00336439 
0.55 61 99.639 0.00328685 
0.55 62 99.639 0.00321233 
0.55 63 99.639 0.0031408 
0.55 64 99.639 0.00307218 
0.55 65 100 0.0030064 
0.55 66 100 0.00294337 
0.55 67 100 0.00288299 
0.55 68 100 0.00282515 
0.55 69 100 0.00276973 
0.55 70 100 0.0027166 
0.55 71 100 0.00266565 
0.55 72 100 0.00261673 
0.55 73 100 0.00256972 
0.55 74 100 0.0025245 
0.55 75 100 0.00248095 
0.55 76 100 0.00243896 
0.55 77 100 0.00239841 
0.55 78 100 0.00235921 
0.55 79 100 0.00232125 
0.55 80 100 0.00228445 
0.55 81 100 0.00224872 
0.55 82 100 0.00221399 
0.55 83 100 0.00218018 
0.55 84 100 0.00214724 
0.55 85 100 0.00211509 
0.55 86 100 0.00208369 
0.55 87 100 0.00205299 
0.55 88 100 0.00202294 
0.55 89 100 0.00199351 
0.55 90 100 0.00196467 
0.55 91 100 0.00193638 
0.55 92 100 0.00190863 
0.55 93 100 0.00188138 
0.55 94 100 0.00185463 
0.55 95 100 0.00182835 
0.55 96 100 0.00180254 
0.55 97 100 0.00177719 
0.55 98 100 0.00175229 
0.55 99 100 0.00172783 
0.55 100 100 0.00170381 
0.58 1 25.6318 0.213598 
0.58 2 45.4874 0.156705 
0.58 3 67.148 0.112728 
0.58 4 77.6173 0.0868684 
0.58 5 80.5054 0.0670439 
0.58 6 82.6715 0.0572102 
0.58 7 87.3646 0.0502328 
0.58 8 88.8087 0.0447319 
0.58 9 89.5307 0.0403005 
0.58 10 95.3069 0.0270693 
0.58 11 94.2238 0.0248435 
0.58 12 92.0578 0.0352245 
0.58 13 93.5018 0.0249068 
0.58 14 96.3899 0.017733 
0.58 15 98.1949 0.0170148 
0.58 16 97.4729 0.016662 
0.58 17 94.2238 0.0229694 
0.58 18 98.556 0.0130549 
0.58 19 98.917 0.0123629 
0.58 20 98.917 0.0119005 
0.58 21 98.917 0.0113851 
0.58 22 99.278 0.0107508 
0.58 23 99.278 0.0101072 
0.58 24 99.278 0.00951561 
0.58 25 99.639 0.00899626 
0.58 26 99.639 0.00854352 
0.58 27 99.639 0.00814214 
0.58 28 99.639 0.00777638 
0.58 29 99.639 0.00743273 
0.58 30 99.639 0.0071031 
0.58 31 99.639 0.0067881 
0.58 32 99.639 0.00649499 
0.58 33 99.639 0.00622932 
0.58 34 99.639 0.00599106 
0.58 35 99.639 0.00577701 
0.58 36 99.639 0.00558348 
0.58 37 99.639 0.00540716 
0.58 38 99.639 0.00524528 
0.58 39 99.639 0.00509545 
0.58 40 99.639 0.00495571 
0.58 41 99.639 0.00482439 
0.58 42 99.639 0.00470016 
0.58 43 99.639 0.00458194 
0.58 44 99.639 0.00446885 
0.58 45 99.639 0.00436019 
0.58 46 99.639 0.0042554 
0.58 47 99.639 0.00415403 
0.58 48 99.639 0.00405572 
0.58 49 99.639 0.00396021 
0.58 50 99.639 0.00386731 
0.58 51 99.639 0.0037769 
0.58 52 99.639 0.00368891 
0.58 53 99.639 0.00360333 
0.58 54 99.639 0.00352016 
0.58 55 99.639 0.00343942 
0.58 56 99.639 0.00336115 
0.58 57 99.639 0.0032854 
0.58 58 99.639 0.00321221 
0.58 59 99.639 0.00314166 
0.58 60 99.639 0.00307378 
0.58 61 99.639 0.00300862 
0.58 62 100 0.00294618 
0.58 63 100 0.00288647 
0.58 64 100 0.00282945 
0.58 65 100 0.00277506 
0.58 66 100 0.00272322 
0.58 67 100 0.00267383 
0.58 68 100 0.00262678 
0.58 69 100 0.00258194 
0.58 70 100 0.00253919 
0.58 71 100 0.00249839 
0.58 72 100 0.00245942 
0.58 73 100 0.00242214 
0.58 74 100 0.00238643 
0.58 75 100 0.00235219 
0.58 76 100 0.00231929 
0.58 77 100 0.00228763 
0.58 78 100 0.00225711 
0.58 79 100 0.00222765 
0.58 80 100 0.00219915 
0.58 81 100 0.00217156 
0.58 82 100 0.00214478 
0.58 83 100 0.00211877 
0.58 84 100 0.00209346 
0.58 85 100 0.0020688 
0.58 86 100 0.00204474 
0.58 87 100 0.00202125 
0.58 88 100 0.00199827 
0.58 89 100 0.00197578 
0.58 90 100 0.00195375 
0.58 91 100 0.00193215 
0.58 92 100 0.00191094 
0.58 93 100 0.00189011 
0.58 94 100 0.00186964 
0.58 95 100 0.00184949 
0.58 96 100 0.00182966 
0.58 97 100 0.00181012 
0.58 98 100 0.00179085 
0.58 99 100 0.00177184 
0.58 100 100 0.00175307 
0.61 1 25.6318 0.215003 
0.61 2 52.7076 0.150221 
0.61 3 69.6751 0.107743 
0.61 4 78.3394 0.0835655 
0.61 5 81.5884 0.0628778 
0.61 6 84.1155 0.057401 
0.61 7 86.2816 0.0496462 
0.61 8 88.0866 0.0543674 
0.61 9 91.6968 0.0371904 
0.61 10 93.8628 0.0279784 
0.61 11 92.7798 0.0300344 
0.61 12 94.9458 0.024961 
0.61 13 95.3069 0.0231053 
0.61 14 95.6679 0.022206 
0.61 15 96.0289 0.0199284 
0.61 16 97.1119 0.0162228 
0.61 17 94.5848 0.0229775 
0.61 18 98.556 0.0111068 
0.61 19 98.917 0.012223 
0.61 20 99.278 0.0109789 
0.61 21 98.917 0.0109514 
0.61 22 99.278 0.010651 
0.61 23 99.639 0.0098914 
0.61 24 99.639 0.00895419 
0.61 25 99.639 0.00829903 
0.61 26 99.639 0.00778086 
0.61 27 99.639 0.00733884 
0.61 28 99.639 0.00695462 
0.61 29 99.639 0.00661379 
0.61 30 99.639 0.00630396 
0.61 31 99.639 0.00602676 
0.61 32 99.639 0.00578559 
0.61 33 99.639 0.00557543 
0.61 34 99.639 0.00538876 
0.61 35 99.639 0.00522034 
0.61 36 99.639 0.00506715 
0.61 37 99.639 0.00492728 
0.61 38 99.639 0.00479916 
0.61 39 99.639 0.00468145 
0.61 40 99.639 0.00457288 
0.61 41 99.639 0.00447236 
0.61 42 99.639 0.00437895 
0.61 43 99.639 0.00429178 
0.61 44 99.639 0.00421011 
0.61 45 99.639 0.00413323 
0.61 46 99.639 0.00406052 
0.61 47 99.639 0.00399137 
0.61 48 99.639 0.00392522 
0.61 49 99.639 0.00386153 
0.61 50 99.639 0.00379982 
0.61 51 99.639 0.00373961 
0.61 52 99.639 0.00368048 
0.61 53 99.639 0.00362203 
0.61 54 99.639 0.0035639 
0.61 55 99.639 0.00350579 
0.61 56 99.639 0.00344744 
0.61 57 99.639 0.00338866 
0.61 58 99.639 0.00332934 
0.61 59 99.639 0.00326946 
0.61 60 99.639 0.00320907 
0.61 61 99.639 0.00314831 
0.61 62 99.639 0.00308739 
0.61 63 99.639 0.00302653 
0.61 64 99.639 0.00296599 
0.61 65 99.639 0.00290602 
0.61 66 99.639 0.00284683 
0.61 67 99.639 0.00278868 
0.61 68 99.639 0.0027318 
0.61 69 99.639 0.00267644 
0.61 70 100 0.00262288 
0.61 71 100 0.00257136 
0.61 72 100 0.00252209 
0.61 73 100 0.00247522 
0.61 74 100 0.00243083 
0.61 75 100 0.00238894 
0.61 76 100 0.0023495 
0.61 77 100 0.00231243 
0.61 78 100 0.00227761 
0.61 79 100 0.00224489 
0.61 80 100 0.00221412 
0.61 81 100 0.00218516 
0.61 82 100 0.00215786 
0.61 83 100 0.00213208 
0.61 84 100 0.00210769 
0.61 85 100 0.00208457 
0.61 86 100 0.00206261 
0.61 87 100 0.0020417 
0.61 88 100 0.00202177 
0.61 89 100 0.00200272 
0.61 90 100 0.00198448 
0.61 91 100 0.00196698 
0.61 92 100 0.00195017 
0.61 93 100 0.00193399 
0.61 94 100 0.00191839 
0.61 95 100 0.00190333 
0.61 96 100 0.00188876 
0.61 97 100 0.00187465 
0.61 98 100 0.00186097 
0.61 99 100 0.00184768 
0.61 100 100 0.00183475 
0.64 1 25.6318 0.213752 
0.64 2 55.2347 0.148016 
0.64 3 71.8412 0.105106 
0.64 4 79.0614 0.0809987 
0.64 5 82.3105 0.0610359 
0.64 6 84.1155 0.0557191 
0.64 7 85.5596 0.0551869 
0.64 8 89.1697 0.0449308 
0.64 9 90.6137 0.0408615 
0.64 10 94.2238 0.0280114 
0.64 11 92.7798 0.0277502 
0.64 12 89.5307 0.0428208 
0.64 13 93.5018 0.0266485 
0.64 14 96.0289 0.0187995 
0.64 15 98.917 0.0134216 
0.64 16 98.917 0.0151725 
0.64 17 96.3899 0.0198153 
0.64 18 98.1949 0.0136826 
0.64 19 98.917 0.0122382 
0.64 20 98.556 0.0114535 
0.64 21 98.556 0.01066 
0.64 22 98.556 0.0106164 
0.64 23 99.278 0.00997379 
0.64 24 99.639 0.0092003 
0.64 25 99.639 0.00854469 
0.64 26 99.639 0.00802258 
0.64 27 99.639 0.00758978 
0.64 28 99.639 0.00721397 
0.64 29 99.639 0.00686626 
0.64 30 99.639 0.00653331 
0.64 31 99.639 0.00621245 
0.64 32 99.639 0.00590665 
0.64 33 99.639 0.00562967 
0.64 34 99.639 0.00539192 
0.64 35 99.639 0.00519039 
0.64 36 99.639 0.00501712 
0.64 37 99.639 0.00486542 
0.64 38 99.639 0.00473061 
0.64 39 99.639 0.00460928 
0.64 40 99.639 0.00449889 
0.64 41 99.639 0.00439745 
0.64 42 99.639 0.00430338 
0.64 43 99.639 0.00421541 
0.64 44 99.639 0.00413248 
0.64 45 99.639 0.00405369 
0.64 46 99.639 0.00397824 
0.64 47 99.639 0.00390543 
0.64 48 99.639 0.00383461 
0.64 49 99.639 0.00376523 
0.64 50 99.639 0.00369676 
0.64 51 99.639 0.00362877 
0.64 52 99.639 0.00356092 
0.64 53 99.639 0.00349293 
0.64 54 99.639 0.00342468 
0.64 55 99.639 0.00335611 
0.64 56 99.639 0.00328731 
0.64 57 99.639 0.00321847 
0.64 58 99.639 0.00314987 
0.64 59 99.639 0.0030818 
0.64 60 99.639 0.00301459 
0.64 61 99.639 0.00294854 
0.64 62 99.639 0.00288391 
0.64 63 99.639 0.00282098 
0.64 64 99.639 0.00275998 
0.64 65 100 0.00270119 
0.64 66 100 0.00264482 
0.64 67 100 0.0025911 
0.64 68 100 0.00254015 
0.64 69 100 0.00249205 
0.64 70 100 0.00244679 
0.64 71 100 0.00240432 
0.64 72 100 0.00236451 
0.64 73 100 0.0023272 
0.64 74 100 0.00229225 
0.64 75 100 0.00225945 
0.64 76 100 0.00222864 
0.64 77 100 0.00219965 
0.64 78 100 0.00217231 
0.64 79 100 0.00214648 
0.64 80 100 0.00212203 
0.64 81 100 0.00209882 
0.64 82 100 0.00207676 
0.64 83 100 0.00205574 
0.64 84 100 0.00203567 
0.64 85 100 0.00201648 
0.64 86 100 0.00199809 
0.64 87 100 0.00198044 
0.64 88 100 0.00196347 
0.64 89 100 0.00194713 
0.64 90 100 0.00193137 
0.64 91 100 0.00191615 
0.64 92 100 0.00190143 
0.64 93 100 0.00188717 
0.64 94 100 0.00187335 
0.64 95 100 0.00185993 
0.64 96 100 0.00184689 
0.64 97 100 0.0018342 
0.64 98 100 0.00182183 
0.64 99 100 0.00180977 
0.64 100 100 0.001798 
0.67 1 25.2708 0.209208 
0.67 2 55.9567 0.147341 
0.67 3 72.9242 0.103002 
0.67 4 79.4224 0.0785493 
0.67 5 82.3105 0.0590209 
0.67 6 84.1155 0.0545871 
0.67 7 88.0866 0.0480312 
0.67 8 88.0866 0.0509754 
0.67 9 90.6137 0.0380629 
0.67 10 93.1408 0.0303816 
0.67 11 92.4188 0.027627 
0.67 12 94.9458 0.0231781 
0.67 13 97.1119 0.0187366 
0.67 14 95.3069 0.023658 
0.67 15 96.0289 0.0206424 
0.67 16 96.0289 0.0208692 
0.67 17 97.8339 0.0166001 
0.67 18 99.278 0.0117715 
0.67 19 99.278 0.0118855 
0.67 20 98.917 0.0112518 
0.67 21 98.917 0.0108377 
0.67 22 99.278 0.00990466 
0.67 23 99.639 0.00921091 
0.67 24 99.639 0.00848779 
0.67 25 99.639 0.00790692 
0.67 26 99.639 0.00742065 
0.67 27 99.639 0.00699559 
0.67 28 99.639 0.00661706 
0.67 29 99.639 0.00627675 
0.67 30 99.639 0.00598185 
0.67 31 99.639 0.00573807 
0.67 32 99.639 0.00553198 
0.67 33 99.639 0.00534645 
0.67 34 99.639 0.00517165 
0.67 35 99.639 0.00500484 
0.67 36 99.639 0.00484728 
0.67 37 99.639 0.00470107 
0.67 38 99.639 0.00456722 
0.67 39 99.639 0.00444532 
0.67 40 99.639 0.00433391 
0.67 41 99.639 0.00423117 
0.67 42 99.639 0.0041353 
0.67 43 99.639 0.00404471 
0.67 44 99.639 0.00395808 
0.67 45 99.639 0.00387435 
0.67 46 99.639 0.00379265 
0.67 47 99.639 0.00371233 
0.67 48 99.639 0.00363286 
0.67 49 99.639 0.00355392 
0.67 50 99.639 0.00347532 
0.67 51 99.639 0.00339706 
0.67 52 99.639 0.00331925 
0.67 53 99.639 0.00324216 
0.67 54 99.639 0.0031661 
0.67 55 99.639 0.0030914 
0.67 56 99.639 0.00301841 
0.67 57 99.639 0.00294741 
0.67 58 99.639 0.00287871 
0.67 59 99.639 0.00281257 
0.67 60 100 0.00274925 
0.67 61 100 0.00268897 
0.67 62 100 0.00263192 
0.67 63 100 0.00257818 
0.67 64 100 0.00252776 
0.67 65 100 0.0024806 
0.67 66 100 0.00243657 
0.67 67 100 0.00239549 
0.67 68 100 0.00235719 
0.67 69 100 0.00232143 
0.67 70 100 0.00228803 
0.67 71 100 0.00225677 
0.67 72 100 0.00222747 
0.67 73 100 0.00219995 
0.67 74 100 0.00217405 
0.67 75 100 0.00214961 
0.67 76 100 0.00212651 
0.67 77 100 0.00210462 
0.67 78 100 0.00208384 
0.67 79 100 0.00206406 
0.67 80 100 0.00204521 
0.67 81 100 0.00202719 
0.67 82 100 0.00200995 
0.67 83 100 0.00199341 
0.67 84 100 0.00197752 
0.67 85 100 0.00196223 
0.67 86 100 0.00194749 
0.67 87 100 0.00193326 
0.67 88 100 0.00191951 
0.67 89 100 0.00190619 
0.67 90 100 0.00189327 
0.67 91 100 0.00188074 
0.67 92 100 0.00186855 
0.67 93 100 0.00185669 
0.67 94 100 0.00184513 
0.67 95 100 0.00183386 
0.67 96 100 0.00182286 
0.67 97 100 0.0018121 
0.67 98 100 0.00180158 
0.67 99 100 0.00179127 
0.67 100 100 0.00178117 
0.7 1 23.8267 0.20382 
0.7 2 57.7617 0.14653 
0.7 3 74.3682 0.101349 
0.7 4 79.7834 0.075232 
0.7 5 82.3105 0.0577259 
0.7 6 84.1155 0.0545145 
0.7 7 88.0866 0.0506047 
0.7 8 89.8917 0.0433694 
0.7 9 90.2527 0.0425246 
0.7 10 92.0578 0.0313501 
0.7 11 91.6968 0.0328038 
0.7 12 95.6679 0.0260326 
0.7 13 95.6679 0.0227115 
0.7 14 97.8339 0.016136 
0.7 15 98.556 0.0148888 
0.7 16 98.1949 0.0154587 
0.7 17 97.8339 0.014967 
0.7 18 98.556 0.0141478 
0.7 19 91.3357 0.0338449 
0.7 20 98.917 0.0118043 
0.7 21 99.278 0.0104333 
0.7 22 99.639 0.00955758 
0.7 23 99.639 0.00935374 
0.7 24 99.639 0.00844079 
0.7 25 99.639 0.00775476 
0.7 26 99.639 0.00728119 
0.7 27 99.639 0.00690528 
0.7 28 99.639 0.00657283 
0.7 29 99.639 0.00625423 
0.7 30 99.639 0.00594082 
0.7 31 99.639 0.00564254 
0.7 32 99.639 0.00538363 
0.7 33 99.639 0.00517136 
0.7 34 99.639 0.0049951 
0.7 35 99.639 0.00484378 
0.7 36 99.639 0.00471037 
0.7 37 99.639 0.00459047 
0.7 38 99.639 0.00448109 
0.7 39 99.639 0.00438005 
0.7 40 99.639 0.00428573 
0.7 41 99.639 0.00419691 
0.7 42 99.639 0.00411265 
0.7 43 99.639 0.00403215 
0.7 44 99.639 0.00395476 
0.7 45 99.639 0.00387987 
0.7 46 99.639 0.00380694 
0.7 47 99.639 0.00373546 
0.7 48 99.639 0.00366494 
0.7 49 99.639 0.00359498 
0.7 50 99.639 0.00352519 
0.7 51 99.639 0.00345529 
0.7 52 99.639 0.00338509 
0.7 53 99.639 0.00331453 
0.7 54 99.639 0.00324369 
0.7 55 99.639 0.00317277 
0.7 56 99.639 0.00310206 
0.7 57 99.639 0.00303187 
0.7 58 99.639 0.00296248 
0.7 59 99.639 0.00289409 
0.7 60 99.639 0.00282685 
0.7 61 99.639 0.00276093 
0.7 62 99.639 0.00269659 
0.7 63 100 0.00263419 
0.7 64 100 0.00257414 
0.7 65 100 0.00251688 
0.7 66 100 0.00246272 
0.7 67 100 0.00241185 
0.7 68 100 0.00236434 
0.7 69 100 0.00232012 
0.7 70 100 0.00227902 
0.7 71 100 0.00224086 
0.7 72 100 0.00220538 
0.7 73 100 0.00217236 
0.7 74 100 0.00214155 
0.7 75 100 0.00211274 
0.7 76 100 0.00208571 
0.7 77 100 0.0020603 
0.7 78 100 0.00203635 
0.7 79 100 0.00201369 
0.7 80 100 0.00199222 
0.7 81 100 0.00197181 
0.7 82 100 0.00195237 
0.7 83 100 0.00193381 
0.7 84 100 0.00191605 
0.7 85 100 0.00189903 
0.7 86 100 0.00188269 
0.7 87 100 0.00186696 
0.7 88 100 0.00185181 
0.7 89 100 0.00183718 
0.7 90 100 0.00182304 
0.7 91 100 0.00180935 
0.7 92 100 0.00179608 
0.7 93 100 0.0017832 
0.7 94 100 0.00177069 
0.7 95 100 0.00175851 
0.7 96 100 0.00174664 
0.7 97 100 0.00173507 
0.7 98 100 0.00172378 
0.7 99 100 0.00171273 
0.7 100 100 0.00170193 
0.73 1 23.8267 0.198216 
0.73 2 60.2888 0.144066 
0.73 3 73.6462 0.101238 
0.73 4 80.5054 0.0720064 
0.73 5 82.6715 0.0576479 
0.73 6 84.4765 0.0611455 
0.73 7 84.1155 0.0665053 
0.73 8 88.8087 0.0489888 
0.73 9 89.1697 0.0472963 
0.73 10 91.3357 0.0325275 
0.73 11 87.7256 0.0452043 
0.73 12 96.0289 0.0199553 
0.73 13 95.6679 0.0201081 
0.73 14 96.7509 0.0199554 
0.73 15 98.917 0.0150108 
0.73 16 98.1949 0.0156418 
0.73 17 98.556 0.0149349 
0.73 18 98.917 0.0126705 
0.73 19 94.9458 0.021651 
0.73 20 99.278 0.0114621 
0.73 21 99.278 0.010284 
0.73 22 99.278 0.00976313 
0.73 23 99.278 0.00909846 
0.73 24 99.639 0.00850315 
0.73 25 99.639 0.00790395 
0.73 26 99.639 0.00741258 
0.73 27 99.639 0.00700083 
0.73 28 99.639 0.00663023 
0.73 29 99.639 0.00628363 
0.73 30 99.639 0.00596385 
0.73 31 99.639 0.00569038 
0.73 32 99.639 0.0054656 
0.73 33 99.639 0.00527577 
0.73 34 99.639 0.00510951 
0.73 35 99.639 0.00496058 
0.73 36 99.639 0.0048254 
0.73 37 99.639 0.00470154 
0.73 38 99.639 0.00458718 
0.73 39 99.639 0.0044809 
0.73 40 99.639 0.00438162 
0.73 41 99.639 0.00428841 
0.73 42 99.639 0.0042005 
0.73 43 99.639 0.00411715 
0.73 44 99.639 0.00403772 
0.73 45 99.639 0.00396157 
0.73 46 99.639 0.00388812 
0.73 47 99.639 0.00381682 
0.73 48 99.639 0.00374716 
0.73 49 99.639 0.00367866 
0.73 50 99.639 0.00361089 
0.73 51 99.639 0.00354346 
0.73 52 99.639 0.00347604 
0.73 53 99.639 0.00340838 
0.73 54 99.639 0.00334034 
0.73 55 99.639 0.00327192 
0.73 56 99.639 0.00320327 
0.73 57 99.639 0.00313464 
0.73 58 99.639 0.00306636 
0.73 59 99.639 0.00299871 
0.73 60 99.639 0.00293186 
0.73 61 99.639 0.0028658 
0.73 62 99.639 0.00280049 
0.73 63 99.639 0.00273594 
0.73 64 100 0.00267239 
0.73 65 100 0.00261033 
0.73 66 100 0.00255038 
0.73 67 100 0.00249315 
0.73 68 100 0.00243914 
0.73 69 100 0.00238863 
0.73 70 100 0.00234171 
0.73 71 100 0.00229829 
0.73 72 100 0.00225821 
0.73 73 100 0.0022212 
0.73 74 100 0.00218698 
0.73 75 100 0.00215529 
0.73 76 100 0.00212584 
0.73 77 100 0.0020984 
0.73 78 100 0.00207274 
0.73 79 100 0.00204866 
0.73 80 100 0.002026 
0.73 81 100 0.00200461 
0.73 82 100 0.00198434 
0.73 83 100 0.00196508 
0.73 84 100 0.00194674 
0.73 85 100 0.00192921 
0.73 86 100 0.00191244 
0.73 87 100 0.00189634 
0.73 88 100 0.00188086 
0.73 89 100 0.00186594 
0.73 90 100 0.00185154 
0.73 91 100 0.00183761 
0.73 92 100 0.00182412 
0.73 93 100 0.00181103 
0.73 94 100 0.00179831 
0.73 95 100 0.00178593 
0.73 96 100 0.00177387 
0.73 97 100 0.0017621 
0.73 98 100 0.00175061 
0.73 99 100 0.00173938 
0.73 100 100 0.00172838 
0.76 1 23.8267 0.19921 
0.76 2 59.9278 0.146795 
0.76 3 74.0072 0.100564 
0.76 4 79.0614 0.0738443 
0.76 5 80.5054 0.0603444 
0.76 6 86.2816 0.0513862 
0.76 7 84.8375 0.063371 
0.76 8 88.8087 0.0494838 
0.76 9 91.3357 0.0359742 
0.76 10 92.7798 0.0335667 
0.76 11 93.8628 0.0282637 
0.76 12 96.0289 0.0225296 
0.76 13 94.5848 0.0231479 
0.76 14 95.3069 0.0201535 
0.76 15 93.1408 0.0273358 
0.76 16 96.7509 0.0179083 
0.76 17 97.4729 0.0165308 
0.76 18 98.556 0.0127868 
0.76 19 99.278 0.011773 
0.76 20 98.556 0.0115034 
0.76 21 99.278 0.0106503 
0.76 22 99.639 0.0100999 
0.76 23 99.639 0.00945165 
0.76 24 99.639 0.00912669 
0.76 25 99.639 0.00864874 
0.76 26 99.639 0.00811019 
0.76 27 99.639 0.00755529 
0.76 28 99.639 0.0070564 
0.76 29 99.639 0.00663919 
0.76 30 99.639 0.00630477 
0.76 31 99.639 0.00603339 
0.76 32 99.639 0.00580224 
0.76 33 99.639 0.00559332 
0.76 34 99.639 0.00539581 
0.76 35 99.639 0.00520664 
0.76 36 99.639 0.005028 
0.76 37 99.639 0.00486264 
0.76 38 99.639 0.00471265 
0.76 39 99.639 0.00457997 
0.76 40 99.639 0.00446446 
0.76 41 99.639 0.00436344 
0.76 42 99.639 0.00427364 
0.76 43 99.639 0.00419246 
0.76 44 99.639 0.00411809 
0.76 45 99.639 0.00404931 
0.76 46 99.639 0.00398527 
0.76 47 99.639 0.0039253 
0.76 48 99.639 0.00386889 
0.76 49 99.639 0.00381562 
0.76 50 99.639 0.00376509 
0.76 51 99.639 0.00371698 
0.76 52 99.639 0.00367096 
0.76 53 99.639 0.00362674 
0.76 54 99.639 0.00358403 
0.76 55 99.639 0.00354257 
0.76 56 99.639 0.00350208 
0.76 57 99.639 0.00346231 
0.76 58 99.639 0.00342297 
0.76 59 99.639 0.00338379 
0.76 60 99.639 0.00334448 
0.76 61 99.639 0.00330475 
0.76 62 99.639 0.00326428 
0.76 63 99.639 0.00322275 
0.76 64 99.639 0.00317983 
0.76 65 99.639 0.00313519 
0.76 66 99.639 0.00308853 
0.76 67 99.639 0.00303959 
0.76 68 99.639 0.00298819 
0.76 69 99.639 0.00293427 
0.76 70 99.639 0.00287794 
0.76 71 99.639 0.00281947 
0.76 72 99.639 0.00275927 
0.76 73 99.639 0.00269782 
0.76 74 99.639 0.00263563 
0.76 75 99.639 0.00257311 
0.76 76 99.639 0.00251067 
0.76 77 99.639 0.00244874 
0.76 78 100 0.00238788 
0.76 79 100 0.00232872 
0.76 80 100 0.00227193 
0.76 81 100 0.00221808 
0.76 82 100 0.00216756 
0.76 83 100 0.00212055 
0.76 84 100 0.00207709 
0.76 85 100 0.00203704 
0.76 86 100 0.00200021 
0.76 87 100 0.00196632 
0.76 88 100 0.00193512 
0.76 89 100 0.00190632 
0.76 90 100 0.00187968 
0.76 91 100 0.00185494 
0.76 92 100 0.0018319 
0.76 93 100 0.00181037 
0.76 94 100 0.00179016 
0.76 95 100 0.00177114 
0.76 96 100 0.00175316 
0.76 97 100 0.00173611 
0.76 98 100 0.0017199 
0.76 99 100 0.00170443 
0.76 100 100 0.00168961 
0.79 1 23.8267 0.205376 
0.79 2 56.3177 0.148385 
0.79 3 74.0072 0.0976967 
0.79 4 79.4224 0.0728141 
0.79 5 79.7834 0.0659219 
0.79 6 77.2563 0.09477 
0.79 7 85.5596 0.0476444 
0.79 8 87.0036 0.0529823 
0.79 9 92.4188 0.0333803 
0.79 10 87.0036 0.0555293 
0.79 11 93.8628 0.0262232 
0.79 12 94.5848 0.0231752 
0.79 13 96.3899 0.0195803 
0.79 14 93.8628 0.0246353 
0.79 15 95.3069 0.0237682 
0.79 16 98.1949 0.015777 
0.79 17 99.278 0.0124059 
0.79 18 98.556 0.0117155 
0.79 19 99.278 0.010878 
0.79 20 96.7509 0.0167835 
0.79 21 99.278 0.00942803 
0.79 22 99.278 0.00885301 
0.79 23 99.278 0.00810823 
0.79 24 99.639 0.00795235 
0.79 25 99.639 0.00745477 
0.79 26 99.639 0.00686266 
0.79 27 99.639 0.00643055 
0.79 28 99.639 0.00623526 
0.79 29 99.639 0.00602099 
0.79 30 99.639 0.00579822 
0.79 31 99.639 0.00556681 
0.79 32 99.639 0.00533945 
0.79 33 99.639 0.00512675 
0.79 34 99.639 0.00493305 
0.79 35 99.639 0.00475772 
0.79 36 99.639 0.00459808 
0.79 37 99.639 0.00445118 
0.79 38 99.639 0.00431444 
0.79 39 99.639 0.00418576 
0.79 40 99.639 0.00406348 
0.79 41 99.639 0.00394626 
0.79 42 99.639 0.00383308 
0.79 43 99.639 0.00372315 
0.79 44 99.639 0.00361595 
0.79 45 99.639 0.00351118 
0.79 46 99.639 0.00340879 
0.79 47 99.639 0.00330892 
0.79 48 99.639 0.00321183 
0.79 49 99.639 0.00311789 
0.79 50 99.639 0.00302748 
0.79 51 99.639 0.00294092 
0.79 52 100 0.00285846 
0.79 53 100 0.00278026 
0.79 54 100 0.00270637 
0.79 55 100 0.00263673 
0.79 56 100 0.00257123 
0.79 57 100 0.00250967 
0.79 58 100 0.00245182 
0.79 59 100 0.00239744 
0.79 60 100 0.00234624 
0.79 61 100 0.00229796 
0.79 62 100 0.00225233 
0.79 63 100 0.0022091 
0.79 64 100 0.00216803 
0.79 65 100 0.00212889 
0.79 66 100 0.00209149 
0.79 67 100 0.00205563 
0.79 68 100 0.00202115 
0.79 69 100 0.00198789 
0.79 70 100 0.00195572 
0.79 71 100 0.00192452 
0.79 72 100 0.00189417 
0.79 73 100 0.00186459 
0.79 74 100 0.00183568 
0.79 75 100 0.00180738 
0.79 76 100 0.00177961 
0.79 77 100 0.00175234 
0.79 78 100 0.00172553 
0.79 79 100 0.00169913 
0.79 80 100 0.00167312 
0.79 81 100 0.0016475 
0.79 82 100 0.00162225 
0.79 83 100 0.00159736 
0.79 84 100 0.00157284 
0.79 85 100 0.00154869 
0.79 86 100 0.00152492 
0.79 87 100 0.00150153 
0.79 88 100 0.00147854 
0.79 89 100 0.00145595 
0.79 90 100 0.00143377 
0.79 91 100 0.00141201 
0.79 92 100 0.00139067 
0.79 93 100 0.00136976 
0.79 94 100 0.00134928 
0.79 95 100 0.00132923 
0.79 96 100 0.00130962 
0.79 97 100 0.00129043 
0.79 98 100 0.00127168 
0.79 99 100 0.00125334 
0.79 100 100 0.00123543 
0.82 1 23.4657 0.204415 
0.82 2 48.3755 0.14704 
0.82 3 73.6462 0.100629 
0.82 4 79.4224 0.0799182 
0.82 5 80.5054 0.0690287 
0.82 6 82.6715 0.0605038 
0.82 7 82.6715 0.069895 
0.82 8 90.6137 0.038779 
0.82 9 92.7798 0.0324997 
0.82 10 92.4188 0.0282065 
0.82 11 94.9458 0.0224615 
0.82 12 96.7509 0.0177209 
0.82 13 94.5848 0.022077 
0.82 14 94.9458 0.0216045 
0.82 15 97.4729 0.0174281 
0.82 16 98.556 0.0127784 
0.82 17 98.917 0.0116998 
0.82 18 99.639 0.00940329 
0.82 19 99.639 0.00893885 
0.82 20 99.639 0.00840181 
0.82 21 99.639 0.00794052 
0.82 22 99.639 0.00761371 
0.82 23 99.639 0.00730172 
0.82 24 99.639 0.00699617 
0.82 25 99.639 0.00670744 
0.82 26 99.639 0.00644011 
0.82 27 99.639 0.00619396 
0.82 28 99.639 0.00596689 
0.82 29 99.639 0.00575636 
0.82 30 99.639 0.00556009 
0.82 31 99.639 0.0053762 
0.82 32 99.639 0.00520314 
0.82 33 99.639 0.00503969 
0.82 34 99.639 0.00488485 
0.82 35 99.639 0.00473776 
0.82 36 99.639 0.00459773 
0.82 37 99.639 0.00446411 
0.82 38 99.639 0.00433631 
0.82 39 99.639 0.00421371 
0.82 40 99.639 0.00409564 
0.82 41 99.639 0.00398136 
0.82 42 99.639 0.00387007 
0.82 43 99.639 0.00376095 
0.82 44 99.639 0.00365326 
0.82 45 99.639 0.00354639 
0.82 46 99.639 0.00344 
0.82 47 99.639 0.00333398 
0.82 48 99.639 0.00322848 
0.82 49 99.639 0.00312384 
0.82 50 99.639 0.00302053 
0.82 51 99.639 0.00291906 
0.82 52 99.639 0.00281993 
0.82 53 99.639 0.00272359 
0.82 54 99.639 0.00263042 
0.82 55 100 0.00254071 
0.82 56 100 0.00245468 
0.82 57 100 0.00237246 
0.82 58 100 0.00229409 
0.82 59 100 0.00221959 
0.82 60 100 0.00214888 
0.82 61 100 0.00208186 
0.82 62 100 0.00201839 
0.82 63 100 0.00195832 
0.82 64 100 0.00190147 
0.82 65 100 0.00184766 
0.82 66 100 0.00179671 
0.82 67 100 0.00174843 
0.82 68 100 0.00170266 
0.82 69 100 0.00165923 
0.82 70 100 0.00161799 
0.82 71 100 0.0015788 
0.82 72 100 0.0015415 
0.82 73 100 0.00150599 
0.82 74 100 0.00147214 
0.82 75 100 0.00143984 
0.82 76 100 0.001409 
0.82 77 100 0.00137952 
0.82 78 100 0.00135133 
0.82 79 100 0.00132433 
0.82 80 100 0.00129846 
0.82 81 100 0.00127366 
0.82 82 100 0.00124985 
0.82 83 100 0.00122699 
0.82 84 100 0.00120503 
0.82 85 100 0.0011839 
0.82 86 100 0.00116358 
0.82 87 100 0.00114401 
0.82 88 100 0.00112517 
0.82 89 100 0.001107 
0.82 90 100 0.00108948 
0.82 91 100 0.00107258 
0.82 92 100 0.00105626 
0.82 93 100 0.00104051 
0.82 94 100 0.00102528 
0.82 95 100 0.00101056 
0.82 96 100 0.000996333 
0.82 97 100 0.000982564 
0.82 98 100 0.000969237 
0.82 99 100 0.000956333 
0.82 100 100 0.000943833 
0.85 1 23.4657 0.2039 
0.85 2 46.2094 0.149467 
0.85 3 69.6751 0.107992 
0.85 4 77.9783 0.0860434 
0.85 5 84.1155 0.0617761 
0.85 6 83.7545 0.0624694 
0.85 7 85.9206 0.0532602 
0.85 8 87.3646 0.0458309 
0.85 9 88.4477 0.0451551 
0.85 10 90.2527 0.0418242 
0.85 11 92.4188 0.0302032 
0.85 12 93.8628 0.02798 
0.85 13 96.3899 0.0231654 
0.85 14 98.1949 0.0173523 
0.85 15 97.1119 0.0172854 
0.85 16 98.1949 0.0155059 
0.85 17 99.278 0.0122937 
0.85 18 99.278 0.0117754 
0.85 19 98.917 0.0104027 
0.85 20 99.278 0.00913765 
0.85 21 99.639 0.00895643 
0.85 22 99.639 0.00844362 
0.85 23 99.639 0.0079119 
0.85 24 99.639 0.0074743 
0.85 25 99.639 0.0071153 
0.85 26 99.639 0.00679808 
0.85 27 99.639 0.00650882 
0.85 28 99.639 0.00624117 
0.85 29 99.639 0.00599112 
0.85 30 99.639 0.00575578 
0.85 31 99.639 0.0055331 
0.85 32 99.639 0.00532158 
0.85 33 99.639 0.00512018 
0.85 34 99.639 0.00492818 
0.85 35 99.639 0.00474506 
0.85 36 99.639 0.00457044 
0.85 37 99.639 0.00440394 
0.85 38 99.639 0.00424515 
0.85 39 99.639 0.00409348 
0.85 40 99.639 0.00394823 
0.85 41 99.639 0.00380855 
0.85 42 99.639 0.00367358 
0.85 43 99.639 0.00354253 
0.85 44 99.639 0.00341478 
0.85 45 99.639 0.00328998 
0.85 46 99.639 0.003168 
0.85 47 99.639 0.00304896 
0.85 48 99.639 0.00293311 
0.85 49 99.639 0.00282077 
0.85 50 99.639 0.00271229 
0.85 51 99.639 0.00260798 
0.85 52 100 0.00250811 
0.85 53 100 0.00241286 
0.85 54 100 0.00232235 
0.85 55 100 0.00223661 
0.85 56 100 0.00215561 
0.85 57 100 0.00207923 
0.85 58 100 0.00200732 
0.85 59 100 0.00193969 
0.85 60 100 0.00187611 
0.85 61 100 0.00181634 
0.85 62 100 0.00176012 
0.85 63 100 0.00170723 
0.85 64 100 0.00165743 
0.85 65 100 0.00161049 
0.85 66 100 0.0015662 
0.85 67 100 0.00152438 
0.85 68 100 0.00148484 
0.85 69 100 0.00144741 
0.85 70 100 0.00141195 
0.85 71 100 0.00137832 
0.85 72 100 0.00134639 
0.85 73 100 0.00131604 
0.85 74 100 0.00128717 
0.85 75 100 0.00125967 
0.85 76 100 0.00123347 
0.85 77 100 0.00120846 
0.85 78 100 0.00118459 
0.85 79 100 0.00116177 
0.85 80 100 0.00113995 
0.85 81 100 0.00111906 
0.85 82 100 0.00109905 
0.85 83 100 0.00107987 
0.85 84 100 0.00106146 
0.85 85 100 0.00104379 
0.85 86 100 0.00102681 
0.85 87 100 0.00101049 
0.85 88 100 0.000994789 
0.85 89 100 0.000979673 
0.85 90 100 0.000965112 
0.85 91 100 0.000951077 
0.85 92 100 0.000937541 
0.85 93 100 0.000924479 
0.85 94 100 0.000911866 
0.85 95 100 0.00089968 
0.85 96 100 0.0008879 
0.85 97 100 0.000876507 
0.85 98 100 0.000865481 
0.85 99 100 0.000854805 
0.85 100 100 0.000844463 
0.88 1 23.4657 0.202783 
0.88 2 44.4043 0.149098 
0.88 3 69.3141 0.11593 
0.88 4 77.9783 0.0897678 
0.88 5 77.2563 0.079488 
0.88 6 80.5054 0.0733185 
0.88 7 85.5596 0.058419 
0.88 8 90.9747 0.0420515 
0.88 9 92.0578 0.0412254 
0.88 10 93.5018 0.0298025 
0.88 11 91.3357 0.0323581 
0.88 12 92.7798 0.0340694 
0.88 13 96.0289 0.0219432 
0.88 14 96.0289 0.0213211 
0.88 15 97.4729 0.017565 
0.88 16 97.8339 0.0152425 
0.88 17 97.8339 0.014089 
0.88 18 98.556 0.0122169 
0.88 19 98.1949 0.011939 
0.88 20 98.1949 0.0143053 
0.88 21 99.278 0.00792505 
0.88 22 97.4729 0.0132166 
0.88 23 99.278 0.00716096 
0.88 24 99.639 0.00691985 
0.88 25 99.639 0.00678971 
0.88 26 99.639 0.00647312 
0.88 27 99.639 0.00627333 
0.88 28 99.639 0.00608215 
0.88 29 99.639 0.00588721 
0.88 30 99.639 0.00568704 
0.88 31 99.639 0.00548517 
0.88 32 99.639 0.00528575 
0.88 33 99.639 0.00509146 
0.88 34 99.639 0.00490334 
0.88 35 99.639 0.00472129 
0.88 36 99.639 0.00454484 
0.88 37 99.639 0.00437352 
0.88 38 99.639 0.0042071 
0.88 39 99.639 0.00404557 
0.88 40 99.639 0.00388908 
0.88 41 99.639 0.00373782 
0.88 42 99.639 0.00359191 
0.88 43 99.639 0.0034514 
0.88 44 99.639 0.00331626 
0.88 45 99.639 0.00318636 
0.88 46 99.639 0.00306154 
0.88 47 99.639 0.00294164 
0.88 48 99.639 0.00282649 
0.88 49 99.639 0.00271597 
0.88 50 99.639 0.00260997 
0.88 51 99.639 0.00250842 
0.88 52 99.639 0.00241127 
0.88 53 99.639 0.00231848 
0.88 54 99.639 0.00222999 
0.88 55 99.639 0.00214576 
0.88 56 99.639 0.00206572 
0.88 57 100 0.00198979 
0.88 58 100 0.0019179 
0.88 59 100 0.00184994 
0.88 60 100 0.00178578 
0.88 61 100 0.00172531 
0.88 62 100 0.00166837 
0.88 63 100 0.0016148 
0.88 64 100 0.00156443 
0.88 65 100 0.00151709 
0.88 66 100 0.00147258 
0.88 67 100 0.00143073 
0.88 68 100 0.00139137 
0.88 69 100 0.00135433 
0.88 70 100 0.00131943 
0.88 71 100 0.00128653 
0.88 72 100 0.00125548 
0.88 73 100 0.00122614 
0.88 74 100 0.0011984 
0.88 75 100 0.00117213 
0.88 76 100 0.00114723 
0.88 77 100 0.0011236 
0.88 78 100 0.00110115 
0.88 79 100 0.0010798 
0.88 80 100 0.00105946 
0.88 81 100 0.00104008 
0.88 82 100 0.00102159 
0.88 83 100 0.00100393 
0.88 84 100 0.000987046 
0.88 85 100 0.000970888 
0.88 86 100 0.000955412 
0.88 87 100 0.000940576 
0.88 88 100 0.000926341 
0.88 89 100 0.000912672 
0.88 90 100 0.000899536 
0.88 91 100 0.000886902 
0.88 92 100 0.000874743 
0.88 93 100 0.000863032 
0.88 94 100 0.000851745 
0.88 95 100 0.000840859 
0.88 96 100 0.000830353 
0.88 97 100 0.000820206 
0.88 98 100 0.000810402 
0.88 99 100 0.000800922 
0.88 100 100 0.00079175 
0.91 1 23.4657 0.201563 
0.91 2 43.3213 0.149697 
0.91 3 71.1191 0.114044 
0.91 4 76.1733 0.0865541 
0.91 5 78.7004 0.0909171 
0.91 6 84.4765 0.0599757 
0.91 7 86.6426 0.058333 
0.91 8 90.2527 0.0431991 
0.91 9 89.1697 0.0518637 
0.91 10 90.2527 0.0432311 
0.91 11 90.9747 0.0472436 
0.91 12 89.1697 0.0426123 
0.91 13 95.3069 0.0215683 
0.91 14 91.6968 0.0325287 
0.91 15 94.9458 0.0212887 
0.91 16 98.1949 0.0163461 
0.91 17 98.1949 0.0139602 
0.91 18 99.278 0.0115027 
0.91 19 99.639 0.00951518 
0.91 20 99.639 0.00876059 
0.91 21 99.639 0.00843297 
0.91 22 99.639 0.00802586 
0.91 23 99.639 0.00756021 
0.91 24 99.639 0.00712104 
0.91 25 99.639 0.00672503 
0.91 26 99.639 0.00637177 
0.91 27 99.639 0.00605713 
0.91 28 99.639 0.00577648 
0.91 29 99.639 0.00552536 
0.91 30 99.639 0.00529965 
0.91 31 99.639 0.00509567 
0.91 32 99.639 0.00491026 
0.91 33 99.639 0.00474075 
0.91 34 99.639 0.0045849 
0.91 35 99.639 0.00444083 
0.91 36 99.639 0.00430679 
0.91 37 99.639 0.00418112 
0.91 38 99.639 0.00406208 
0.91 39 99.639 0.00394786 
0.91 40 99.639 0.00383661 
0.91 41 99.639 0.00372655 
0.91 42 99.639 0.00361615 
0.91 43 99.639 0.00350426 
0.91 44 99.639 0.00339027 
0.91 45 99.639 0.00327412 
0.91 46 99.639 0.0031563 
0.91 47 99.639 0.00303773 
0.91 48 99.639 0.00291955 
0.91 49 99.639 0.002803 
0.91 50 99.639 0.00268923 
0.91 51 99.639 0.0025792 
0.91 52 99.639 0.0024736 
0.91 53 99.639 0.00237292 
0.91 54 99.639 0.00227739 
0.91 55 100 0.0021871 
0.91 56 100 0.00210201 
0.91 57 100 0.002022 
0.91 58 100 0.00194691 
0.91 59 100 0.0018765 
0.91 60 100 0.00181055 
0.91 61 100 0.00174879 
0.91 62 100 0.00169095 
0.91 63 100 0.00163677 
0.91 64 100 0.00158599 
0.91 65 100 0.00153834 
0.91 66 100 0.00149359 
0.91 67 100 0.00145152 
0.91 68 100 0.00141192 
0.91 69 100 0.00137459 
0.91 70 100 0.00133936 
0.91 71 100 0.00130608 
0.91 72 100 0.00127459 
0.91 73 100 0.00124476 
0.91 74 100 0.00121648 
0.91 75 100 0.00118963 
0.91 76 100 0.00116411 
0.91 77 100 0.00113984 
0.91 78 100 0.00111672 
0.91 79 100 0.00109469 
0.91 80 100 0.00107366 
0.91 81 100 0.00105359 
0.91 82 100 0.0010344 
0.91 83 100 0.00101604 
0.91 84 100 0.000998473 
0.91 85 100 0.000981638 
0.91 86 100 0.000965496 
0.91 87 100 0.000950008 
0.91 88 100 0.000935136 
0.91 89 100 0.000920845 
0.91 90 100 0.000907105 
0.91 91 100 0.000893884 
0.91 92 100 0.000881156 
0.91 93 100 0.000868893 
0.91 94 100 0.000857072 
0.91 95 100 0.00084567 
0.91 96 100 0.000834664 
0.91 97 100 0.000824036 
0.91 98 100 0.000813766 
0.91 99 100 0.000803836 
0.91 100 100 0.000794231 
0.94 1 23.4657 0.200294 
0.94 2 42.9603 0.149903 
0.94 3 67.148 0.120789 
0.94 4 76.8953 0.0943536 
0.94 5 74.7292 0.110334 
0.94 6 84.4765 0.0673314 
0.94 7 91.3357 0.04181 
0.94 8 93.5018 0.0340042 
0.94 9 90.2527 0.041862 
0.94 10 94.9458 0.0290079 
0.94 11 96.7509 0.0215446 
0.94 12 96.3899 0.0193908 
0.94 13 96.7509 0.0205509 
0.94 14 98.556 0.0158613 
0.94 15 98.917 0.0150373 
0.94 16 94.5848 0.0248805 
0.94 17 94.2238 0.0252481 
0.94 18 96.7509 0.0178557 
0.94 19 96.0289 0.0217267 
0.94 20 97.8339 0.0175238 
0.94 21 98.1949 0.0128711 
0.94 22 98.917 0.013936 
0.94 23 98.917 0.0118746 
0.94 24 99.639 0.00776352 
0.94 25 99.639 0.00837233 
0.94 26 99.639 0.00861461 
0.94 27 99.639 0.00854136 
0.94 28 99.639 0.00744364 
0.94 29 99.639 0.00711936 
0.94 30 99.639 0.0069107 
0.94 31 99.639 0.00672142 
0.94 32 99.639 0.00653545 
0.94 33 99.639 0.00634687 
0.94 34 99.639 0.00614997 
0.94 35 99.639 0.00593973 
0.94 36 99.639 0.00571437 
0.94 37 99.639 0.00547685 
0.94 38 99.639 0.00523378 
0.94 39 99.639 0.00499272 
0.94 40 99.639 0.0047598 
0.94 41 99.639 0.00453892 
0.94 42 99.639 0.00433194 
0.94 43 99.639 0.00413934 
0.94 44 99.639 0.00396076 
0.94 45 99.639 0.00379538 
0.94 46 99.639 0.00364215 
0.94 47 99.639 0.00349993 
0.94 48 99.639 0.00336756 
0.94 49 99.639 0.00324393 
0.94 50 99.639 0.00312799 
0.94 51 99.639 0.00301879 
0.94 52 99.639 0.00291542 
0.94 53 99.639 0.00281709 
0.94 54 99.639 0.00272308 
0.94 55 99.639 0.00263275 
0.94 56 99.639 0.00254553 
0.94 57 99.639 0.00246098 
0.94 58 99.639 0.0023787 
0.94 59 99.639 0.0022984 
0.94 60 99.639 0.0022199 
0.94 61 99.639 0.00214307 
0.94 62 99.639 0.0020679 
0.94 63 99.639 0.00199446 
0.94 64 99.639 0.00192287 
0.94 65 99.639 0.00185328 
0.94 66 99.639 0.00178589 
0.94 67 99.639 0.0017209 
0.94 68 100 0.00165847 
0.94 69 100 0.00159875 
0.94 70 100 0.00154187 
0.94 71 100 0.00148787 
0.94 72 100 0.0014368 
0.94 73 100 0.00138864 
0.94 74 100 0.00134333 
0.94 75 100 0.00130078 
0.94 76 100 0.00126089 
0.94 77 100 0.00122352 
0.94 78 100 0.00118854 
0.94 79 100 0.00115578 
0.94 80 100 0.00112511 
0.94 81 100 0.00109636 
0.94 82 100 0.00106941 
0.94 83 100 0.0010441 
0.94 84 100 0.00102031 
0.94 85 100 0.000997928 
0.94 86 100 0.00097683 
0.94 87 100 0.000956919 
0.94 88 100 0.0009381 
0.94 89 100 0.000920288 
0.94 90 100 0.000903405 
0.94 91 100 0.000887379 
0.94 92 100 0.000872147 
0.94 93 100 0.000857649 
0.94 94 100 0.000843832 
0.94 95 100 0.000830649 
0.94 96 100 0.000818054 
0.94 97 100 0.000806007 
0.94 98 100 0.000794473 
0.94 99 100 0.000783418 
0.94 100 100 0.000772811 
0.97 1 23.4657 0.199156 
0.97 2 46.9314 0.148079 
0.97 3 72.2022 0.106088 
0.97 4 76.1733 0.0912573 
0.97 5 77.6173 0.0800822 
0.97 6 74.3682 0.0908891 
0.97 7 87.3646 0.0572356 
0.97 8 84.8375 0.0645982 
0.97 9 89.8917 0.041922 
0.97 10 93.5018 0.0309276 
0.97 11 96.3899 0.0215896 
0.97 12 97.1119 0.019689 
0.97 13 97.8339 0.0154654 
0.97 14 94.2238 0.022796 
0.97 15 98.917 0.0111894 
0.97 16 98.1949 0.0122349 
0.97 17 98.1949 0.0106502 
0.97 18 99.639 0.00835539 
0.97 19 98.917 0.00888846 
0.97 20 99.278 0.00730346 
0.97 21 98.917 0.00764091 
0.97 22 99.278 0.00661776 
0.97 23 99.278 0.0065015 
0.97 24 99.278 0.00643604 
0.97 25 99.278 0.0064272 
0.97 26 99.639 0.00639582 
0.97 27 99.639 0.00630396 
0.97 28 99.639 0.00619427 
0.97 29 99.639 0.00602322 
0.97 30 99.639 0.00582442 
0.97 31 99.639 0.00561657 
0.97 32 99.639 0.00539823 
0.97 33 99.639 0.00518484 
0.97 34 99.639 0.00498004 
0.97 35 99.639 0.00478761 
0.97 36 99.639 0.00460736 
0.97 37 99.639 0.00443707 
0.97 38 99.639 0.00427376 
0.97 39 99.639 0.00411456 
0.97 40 99.639 0.00395728 
0.97 41 99.639 0.00380058 
0.97 42 99.639 0.0036441 
0.97 43 99.639 0.00348826 
0.97 44 99.639 0.00333406 
0.97 45 99.639 0.00318281 
0.97 46 99.639 0.00303583 
0.97 47 99.639 0.00289425 
0.97 48 99.639 0.00275892 
0.97 49 99.639 0.00263037 
0.97 50 99.639 0.00250883 
0.97 51 99.639 0.00239432 
0.97 52 100 0.0022867 
0.97 53 100 0.00218575 
0.97 54 100 0.00209124 
0.97 55 100 0.00200288 
0.97 56 100 0.0019204 
0.97 57 100 0.00184348 
0.97 58 100 0.00177181 
0.97 59 100 0.00170507 
0.97 60 100 0.00164292 
0.97 61 100 0.00158504 
0.97 62 100 0.00153111 
0.97 63 100 0.00148082 
0.97 64 100 0.00143389 
0.97 65 100 0.00139004 
0.97 66 100 0.00134901 
0.97 67 100 0.0013106 
0.97 68 100 0.00127457 
0.97 69 100 0.00124075 
0.97 70 100 0.00120895 
0.97 71 100 0.00117901 
0.97 72 100 0.0011508 
0.97 73 100 0.00112417 
0.97 74 100 0.00109901 
0.97 75 100 0.0010752 
0.97 76 100 0.00105265 
0.97 77 100 0.00103126 
0.97 78 100 0.00101095 
0.97 79 100 0.000991643 
0.97 80 100 0.000973264 
0.97 81 100 0.00095575 
0.97 82 100 0.000939043 
0.97 83 100 0.000923089 
0.97 84 100 0.000907837 
0.97 85 100 0.000893242 
0.97 86 100 0.000879262 
0.97 87 100 0.000865859 
0.97 88 100 0.000852997 
0.97 89 100 0.000840644 
0.97 90 100 0.000828768 
0.97 91 100 0.000817343 
0.97 92 100 0.000806343 
0.97 93 100 0.000795743 
0.97 94 100 0.000785522 
0.97 95 100 0.000775659 
0.97 96 100 0.000766135 
0.97 97 100 0.000756932 
0.97 98 100 0.000748034 
0.97 99 100 0.000739424 
0.97 100 100 0.000731089 
1 1 23.4657 0.198258 
1 2 51.9856 0.151387 
1 3 65.704 0.127111 
1 4 65.343 0.131542 
1 5 67.148 0.142977 
1 6 87.7256 0.0499051 
1 7 73.6462 0.109472 
1 8 92.0578 0.0333749 
1 9 94.2238 0.031773 
1 10 89.5307 0.0448056 
1 11 95.3069 0.0248878 
1 12 94.9458 0.0236715 
1 13 94.2238 0.0234987 
1 14 93.5018 0.0337676 
1 15 95.3069 0.0217916 
1 16 99.278 0.0108936 
1 17 99.278 0.0107434 
1 18 99.278 0.00963343 
1 19 99.278 0.0087853 
1 20 99.278 0.00833979 
1 21 99.278 0.00827606 
1 22 99.278 0.00808205 
1 23 99.639 0.00785486 
1 24 99.639 0.0076545 
1 25 99.639 0.00786615 
1 26 99.278 0.0090426 
1 27 99.278 0.00921467 
1 28 99.278 0.00932164 
1 29 99.639 0.00614133 
1 30 99.639 0.00566552 
1 31 99.639 0.00538722 
1 32 99.639 0.00516172 
1 33 99.639 0.00495966 
1 34 99.639 0.00477319 
1 35 99.639 0.00459957 
1 36 99.639 0.00443733 
1 37 99.639 0.00428522 
1 38 99.639 0.00414188 
1 39 99.639 0.00400584 
1 40 99.639 0.00387548 
1 41 99.639 0.00374915 
1 42 99.639 0.00362525 
1 43 99.639 0.00350235 
1 44 99.639 0.00337933 
1 45 99.639 0.00325553 
1 46 99.639 0.00313081 
1 47 99.639 0.00300556 
1 48 99.639 0.00288065 
1 49 99.639 0.00275723 
1 50 99.639 0.00263655 
1 51 99.639 0.00251975 
1 52 99.639 0.00240771 
1 53 99.639 0.00230097 
1 54 99.639 0.00219978 
1 55 100 0.00210413 
1 56 100 0.00201392 
1 57 100 0.00192896 
1 58 100 0.00184907 
1 59 100 0.00177404 
1 60 100 0.00170368 
1 61 100 0.00163778 
1 62 100 0.00157613 
1 63 100 0.0015185 
1 64 100 0.00146464 
1 65 100 0.00141432 
1 66 100 0.00136729 
1 67 100 0.00132334 
1 68 100 0.00128223 
1 69 100 0.00124376 
1 70 100 0.00120773 
1 71 100 0.00117396 
1 72 100 0.00114227 
1 73 100 0.0011125 
1 74 100 0.00108451 
1 75 100 0.00105816 
1 76 100 0.00103332 
1 77 100 0.00100988 
1 78 100 0.000987727 
1 79 100 0.000966767 
1 80 100 0.000946912 
1 81 100 0.000928078 
1 82 100 0.000910193 
1 83 100 0.000893188 
1 84 100 0.000877002 
1 85 100 0.000861579 
1 86 100 0.000846866 
1 87 100 0.000832817 
1 88 100 0.000819389 
1 89 100 0.000806542 
1 90 100 0.00079424 
1 91 100 0.00078245 
1 92 100 0.000771141 
1 93 100 0.000760283 
1 94 100 0.000749852 
1 95 100 0.000739821 
1 96 100 0.000730169 
1 97 100 0.000720873 
1 98 100 0.000711914 
1 99 100 0.000703274 
1 100 100 0.000694934 
