# hid_count is changing.
# epochs = 10

# hid_count correct_percent train_err

3 58.8448 0.115696 
4 79.4224 0.0731261 
5 91.3357 0.0405023 
6 85.5596 0.0492005 
7 90.9747 0.0402022 
8 85.5596 0.0471377 
9 93.8628 0.0366445 
10 85.5596 0.0511439 
11 90.2527 0.0390121 
12 90.2527 0.0384613 
13 87.3646 0.04748 
14 88.0866 0.041717 
15 89.5307 0.0447134 
16 85.1986 0.04984 
17 90.6137 0.0441377 
18 89.5307 0.0397916 
19 87.3646 0.046576 
20 90.9747 0.0335556 
21 91.6968 0.0336816 
22 86.6426 0.04576 
23 93.5018 0.0297691 
24 92.0578 0.0322668 
25 88.0866 0.0356654 
26 87.7256 0.0389347 
27 87.3646 0.0385091 
28 90.2527 0.0357318 
29 87.7256 0.0323625 
30 90.6137 0.0359531 
31 89.8917 0.0347274 
32 91.6968 0.0304765 
33 88.0866 0.0321972 
34 92.4188 0.0289608 
35 89.8917 0.0367994 
36 92.0578 0.0318626 
37 87.7256 0.0369035 
38 90.9747 0.0326724 
39 93.1408 0.0292789 
40 92.0578 0.0281512 
41 92.7798 0.0292588 
42 90.9747 0.0331245 
43 89.5307 0.0386141 
44 93.1408 0.0298376 
45 90.9747 0.0325593 
46 91.3357 0.0359418 
47 85.9206 0.0408106 
48 90.9747 0.0337999 
49 92.4188 0.0330313 
50 92.0578 0.0349852 
51 86.6426 0.0408839 
52 90.6137 0.0328804 
53 91.3357 0.0332697 
54 93.1408 0.0292327 
55 93.8628 0.0286282 
56 94.5848 0.0293557 
57 91.6968 0.0348284 
58 90.2527 0.034729 
59 92.0578 0.0309257 
60 91.6968 0.0275395 
61 90.6137 0.0338805 
62 86.2816 0.0368041 
63 89.5307 0.0368988 
64 91.3357 0.0375953 
65 86.6426 0.0373605 
66 94.2238 0.0300924 
67 94.5848 0.031204 
68 93.8628 0.0304031 
69 89.1697 0.0355428 
70 93.8628 0.0281393 
